75-6,6,15.703266,1.402284,201.496887,-7.47942e-03,-5.80698e-02
75-9,6,17.210165,1.435483,3.838124,1.04126e-02,-7.18264e-02
75-32,6,16.676558,1.404078,23.055191,1.26932e-02,-3.87473e-02
75-38,6,15.772585,1.408044,115.744286,2.18842e-02,-4.51077e-02
75-42,6,18.507360,1.432928,0.888746,1.19532e-02,-4.78376e-02
75-44,3,20.950617,1.800584,-0.021779,1.27528e-01,-1.67105e-01
75-47,6,17.523462,1.367362,9.804531,1.73781e-03,-1.86841e-02
75-49,3,20.118227,2.684708,0.062902,4.30060e-04,1.42227e-01
75-55,6,15.685956,1.379661,202.209412,-2.24152e-03,-1.33424e-02
75-56,3,20.247168,3.956203,0.034533,-4.92501e-02,1.42909e-01
75-66,6,17.004547,1.408152,23.588570,-6.96782e-03,-5.55906e-02
75-74,3,23.072903,18.020567,-0.020333,-8.35863e-01,3.98417e-01
75-79,6,15.907887,1.412308,119.538452,3.33445e-03,-5.25476e-02
75-83,6,17.010887,1.364664,4.248133,9.21932e-03,-5.44321e-02
75-84,6,18.187691,1.398592,0.737141,-3.29301e-02,-8.38771e-02
75-92,6,18.155771,1.428943,0.456386,5.19670e-02,-5.03877e-02
75-95,6,17.056126,1.397391,1.719092,4.24451e-02,-4.27793e-02
75-100,6,16.604065,1.447634,3.658400,6.01734e-02,-2.96671e-02
75-105,3,21.294683,2.626158,-0.034313,2.16379e-01,-1.26880e-01
75-106,3,21.552031,3.036325,-0.001905,3.63829e-01,-1.52312e-01
75-114,6,16.988054,1.413184,0.942841,6.96200e-02,-4.16892e-02
75-123,3,21.632973,1.514234,-0.004071,1.06500e-01,-4.68566e-02
75-157,6,15.730310,1.416394,35.842991,8.42886e-02,-4.13109e-02
75-160,6,16.408394,1.395717,10.304017,7.76815e-02,-1.60551e-02
75-161,3,22.342722,2.970168,0.009498,2.57934e-01,3.08939e-01
75-164,6,15.068046,1.429485,122.305321,7.29280e-02,-1.19277e-02
75-174,6,15.591096,1.406180,22.246489,8.12895e-02,-1.86396e-02
75-177,6,16.238497,1.412871,21.393372,7.86811e-02,-1.54806e-02
75-179,6,17.418968,1.385119,1.467847,5.65400e-02,-7.89644e-03
75-181,6,16.368530,1.423266,17.412136,5.65535e-02,-4.55959e-02
75-185,3,24.610342,2.970168,0.049007,3.46296e-01,-6.99491e-01
75-188,6,16.132303,1.398944,21.417370,6.36420e-02,-1.41961e-02
75-191,6,17.209774,1.393100,3.730194,5.23339e-02,-4.09407e-02
75-195,6,19.121140,1.388212,0.291936,4.88730e-02,-2.13686e-02
75-205,6,17.564554,1.379509,0.752182,3.82023e-02,-1.48973e-02
75-206,6,17.901733,1.389086,0.497808,4.29818e-02,-2.27244e-02
75-220,6,17.487476,1.380291,2.784941,6.78852e-02,-1.55872e-02
75-221,3,22.471434,1.903589,-0.028355,-4.23829e-02,4.84041e-02
75-229,6,15.577081,1.370271,80.839798,6.20243e-02,-1.26107e-02
75-235,6,17.553146,1.392460,2.932258,5.25035e-02,-1.16609e-02
75-238,6,15.145483,1.336791,363.969177,5.18312e-02,-2.50634e-02
75-240,3,20.757669,2.529227,0.034775,-6.72025e-02,-2.99479e-01
75-243,6,15.280856,1.359706,172.510559,5.44389e-02,-3.15307e-02
75-248,6,15.752495,1.362192,91.738571,6.24866e-02,-5.94693e-03
75-251,6,16.834736,1.355032,8.444201,1.81487e-02,-5.40399e-02
75-253,6,16.073275,1.361261,55.051270,4.43957e-02,-5.51847e-02
75-255,6,16.211739,1.358279,17.775164,5.28253e-02,-4.35654e-02
75-258,6,17.580284,1.362682,2.387129,6.09154e-02,-2.55118e-02
75-264,6,18.537468,1.466449,0.593964,1.16959e-02,-5.21386e-02
75-268,6,18.421001,1.390178,1.558671,3.37912e-03,-3.16847e-02
75-269,6,18.359383,1.400937,2.141060,-1.01310e-02,-2.47603e-02
75-270,3,20.125513,1.774310,0.057550,1.60297e-03,-6.62981e-02
75-271,6,19.160358,1.453603,0.202866,-4.19908e-04,-3.36159e-02
75-273,6,18.778244,1.393173,0.987452,1.45629e-02,-4.84353e-02
75-275,6,19.460032,1.416973,0.151678,5.82564e-02,-2.53777e-02
75-280,6,17.959782,1.430231,1.537730,2.65867e-02,-5.28027e-02
75-281,6,19.408842,1.430640,0.278792,4.17046e-03,-4.33960e-02
75-283,6,19.607033,1.384331,0.322779,-7.06365e-03,-7.43470e-02
75-286,6,18.553101,1.398116,0.602558,1.71543e-02,-5.92147e-02
75-289,6,19.218349,1.456205,0.327145,-9.53217e-03,-3.10962e-02
75-290,6,19.386955,1.383531,0.392430,-2.55495e-02,-7.83210e-02
75-291,6,19.419069,1.486938,0.486924,-1.50878e-02,-3.00506e-02
75-292,6,18.627546,1.400759,0.697307,4.75460e-04,-6.00355e-02
75-294,6,19.514954,1.456911,0.242911,1.92505e-02,-3.64365e-02
75-295,6,18.815014,1.391973,0.974335,1.94178e-02,-6.06042e-03
75-299,6,17.476694,1.393185,6.715792,-1.36268e-02,-5.23968e-02
75-302,6,17.755289,1.369318,3.226536,9.90822e-03,-1.89913e-02
75-303,6,19.802835,1.361843,0.159442,5.05946e-02,-4.47363e-02
75-309,6,15.899746,1.390713,36.141247,1.05551e-02,-5.06942e-02
75-310,6,17.932306,1.434338,1.176495,2.95209e-02,-2.49542e-02
75-312,6,19.284880,1.419218,0.133734,4.09030e-02,-4.72339e-02
75-319,6,18.326017,1.421891,1.299419,2.06698e-02,-2.78833e-02
75-322,6,18.039652,1.394534,3.435869,8.48194e-03,-5.60395e-02
75-324,6,19.217880,1.416234,0.204530,4.76456e-02,-3.46019e-02
75-327,6,17.125444,1.418647,3.656094,4.96494e-02,-4.10785e-02
75-331,6,19.058422,1.401776,0.126617,2.05869e-02,-7.89889e-02
75-332,6,19.162966,1.411694,0.179033,2.04836e-02,-9.00488e-02
75-333,6,19.092838,1.448782,0.175849,3.58005e-02,-2.92085e-02
75-334,6,18.775980,1.419960,0.515897,2.38733e-02,-4.47768e-02
75-335,6,18.411974,1.418087,0.312723,7.51345e-02,-9.67096e-03
75-338,6,16.086304,1.420806,9.317454,5.02167e-02,-3.43064e-02
75-341,6,16.890739,1.405052,1.951959,4.63558e-02,-4.74941e-02
75-342,3,22.532402,2.970168,0.007708,-1.85933e-02,2.37076e-01
75-343,6,18.784109,1.446659,0.122938,5.89130e-02,-3.22450e-02
75-344,6,18.247221,1.397859,0.315853,3.54101e-02,-2.99597e-02
75-346,6,19.466797,1.370274,0.132392,7.10577e-02,2.89746e-03
75-348,6,17.651577,1.408249,2.031109,8.15846e-02,-1.31266e-02
75-355,3,20.770412,2.970168,-0.080383,-1.38308e-01,3.85941e-01
75-360,6,18.307051,1.376402,0.402360,2.75239e-02,-4.92689e-02
75-368,6,19.356846,1.380870,0.201867,6.92613e-02,-3.18641e-03
75-370,6,18.899487,1.387282,0.252748,9.71965e-02,-6.45685e-03
75-371,6,18.926044,1.418936,0.188067,5.66971e-02,-3.39570e-02
75-372,6,19.970047,1.328907,0.068529,7.16321e-02,-2.77551e-02
75-375,6,19.757938,1.393957,0.057324,9.74902e-02,-5.83285e-03
75-378,6,17.714886,1.358276,0.833786,4.43664e-02,-2.64660e-02
75-380,6,18.610329,1.367674,0.194325,6.39973e-02,-1.60592e-02
75-382,6,18.853638,1.345431,0.597563,2.78935e-02,-6.16067e-02
75-384,6,19.893831,1.459195,0.137993,4.89161e-02,-3.77296e-02
75-386,6,18.408930,1.365312,0.381165,6.97955e-02,-1.36155e-02
75-388,6,17.444033,1.409158,1.064723,6.51526e-02,1.02907e-04
75-390,6,19.214560,1.402139,0.133740,4.52297e-02,-1.46480e-02
75-391,6,19.422480,1.409826,0.179039,3.04298e-02,4.10274e-02
75-397,6,19.317118,1.346596,0.974342,8.43457e-02,-1.18361e-02
75-399,6,17.957102,1.329996,2.149626,2.59530e-02,-2.96148e-02
75-400,6,19.136110,1.356910,0.293555,4.03794e-02,-5.27726e-02
75-405,6,19.189716,1.345199,0.198339,1.43037e-02,-2.90914e-02
75-407,6,18.331728,1.378299,0.410009,4.00800e-02,-5.27215e-02
75-412,3,20.300688,1.809665,0.017236,4.38321e-02,1.33678e-01
75-415,6,19.912704,1.451509,0.233212,1.98666e-02,-7.36965e-02
75-419,3,20.720486,2.277350,0.030698,-4.74410e-02,-1.54903e-03
75-420,6,19.537441,1.402884,0.064664,5.13106e-02,-2.99183e-02
75-427,6,19.815680,1.406419,0.047565,7.76165e-02,-3.77224e-02
75-428,6,19.537777,1.405507,0.156288,4.43740e-02,5.72115e-03
75-429,6,19.964148,1.501280,0.084852,1.80398e-02,-8.46649e-02
75-430,6,19.638523,1.407922,0.076991,3.98728e-02,-4.08630e-02
75-431,6,19.619783,1.431321,0.082379,3.72859e-02,-6.06889e-02
75-440,6,19.551683,1.408171,0.336520,1.25312e-02,-3.34987e-02
75-444,3,20.438343,2.228849,-0.002572,-2.19422e-01,1.11479e-01
75-452,3,20.639111,3.223097,0.033353,1.74383e-01,-2.46433e-01
75-453,3,21.052301,2.622502,-0.005502,-2.51129e-01,9.50237e-02
75-454,3,21.690159,2.970168,-0.020753,-2.11055e-01,-1.31061e-01
75-455,6,19.856823,1.380444,0.057699,2.74047e-02,-1.71036e-02
75-459,3,21.024469,2.645090,-0.000130,-3.33111e-02,1.90157e-01
75-463,3,20.191292,2.524620,0.095341,1.35584e-01,2.29462e-01
75-470,6,19.767912,1.332307,0.144387,5.73522e-02,-1.75944e-02
75-472,6,19.767719,1.352133,0.160069,3.65550e-03,-5.25304e-02
75-474,6,19.919004,1.329979,0.080272,4.68442e-02,-7.64109e-03
75-475,6,19.613272,1.338024,0.119564,5.33076e-02,-2.79334e-02
75-509,3,20.965811,2.565160,-0.008485,-1.48403e-01,1.76499e-01
75-514,3,20.582470,3.907614,-0.013085,4.53329e-01,5.23426e-01
75-515,3,20.886797,1.927906,-0.037189,5.42136e-02,-1.00219e-02
75-516,3,20.228497,3.748185,0.223602,6.86977e-01,-2.17751e-01
75-517,3,21.270151,1.257325,0.018254,5.51245e-02,-1.18949e-01
75-519,3,20.727724,2.662845,-0.018027,-8.51187e-02,1.75871e-02
75-521,3,25.901379,2.970168,-0.005020,?,?
75-524,3,21.231993,3.501717,0.044768,1.70865e-01,8.61714e-02
75-527,3,20.594877,1.528098,0.047787,-4.74478e-02,-5.89931e-02
75-530,3,20.755157,2.739406,-0.005663,-4.25089e-01,3.44743e-02
75-534,3,21.308233,2.284607,-0.043967,-1.22983e-01,-2.65706e-01
75-535,3,20.638103,1.879556,-0.055889,1.00033e-01,1.34392e-01
75-536,3,21.191668,1.895009,-0.038847,-3.97953e-02,-9.49625e-02
75-540,3,21.429983,2.382761,-0.049483,1.01888e-01,-3.00285e-01
75-541,3,21.287687,2.444172,-0.002531,8.88182e-02,1.21654e-01
75-542,3,21.407383,1.420273,-0.072326,-2.00595e-01,1.68510e-01
75-544,3,21.209442,1.879238,-0.062991,1.32107e-01,-2.39359e-01
75-548,3,22.389164,1.478331,0.007281,1.74186e-01,6.69836e-02
75-550,3,21.216497,2.570078,-0.027485,-1.65375e-01,6.82704e-03
75-554,3,22.309439,1.573522,-0.061832,1.62472e-01,-3.36708e-01
75-555,3,20.689461,5.169718,0.099798,-1.16852e-01,-4.89018e-02
75-556,3,20.492033,3.365651,0.109037,-3.76460e-01,1.64543e-01
75-557,3,21.767960,1.569577,0.014194,8.57929e-02,8.72041e-03
75-565,3,22.621202,2.970168,-0.078074,-1.56751e-01,-3.36676e-01
75-567,3,21.257717,2.848236,-0.042073,-7.71554e-02,-6.67242e-02
75-570,3,22.023983,1.691426,0.012284,1.33200e-01,-1.38913e-02
75-581,3,22.678661,2.970168,0.009114,-4.60132e-01,1.06237e-01
75-582,3,23.238794,2.970168,-0.067761,?,?
75-584,3,21.531557,2.260658,-0.066555,-4.52484e-01,4.50777e-01
75-587,3,21.633352,2.298384,-0.023002,-2.65567e-01,4.01776e-01
75-588,3,22.858519,2.970168,-0.053078,4.73615e-02,3.07368e-02
75-592,3,22.825222,1.084309,0.004400,-4.01092e-01,-1.72250e-01
75-594,3,21.968868,2.222364,-0.077665,-3.34758e-01,-4.99915e-01
75-595,3,21.528555,2.537343,-0.012460,-7.08170e-02,-1.20650e-01
75-596,3,22.496729,2.970168,-0.033468,2.97347e-01,6.70891e-02
75-597,3,22.781260,2.970168,-0.065612,3.69746e-01,-2.96057e-01
75-599,3,21.965393,2.315607,-0.021143,-6.48195e-02,2.79033e-01
75-600,3,22.330503,2.122588,-0.063689,8.10915e-02,-2.36828e-01
75-601,3,21.831821,1.909174,-0.016351,-8.43418e-02,2.75742e-01
75-602,3,22.345955,1.462786,-0.088839,1.61774e-01,4.42022e-01
75-603,3,21.476974,2.276270,-0.020358,-2.79830e-02,-3.20223e-01
75-605,3,21.788080,1.885124,-0.041055,3.31650e-02,-1.20579e-01
75-607,3,21.747204,1.499348,-0.036268,-1.21989e-01,1.36605e-01
75-608,3,22.301739,2.970168,-0.042455,2.15564e-02,-4.30462e-01
75-609,3,22.180693,2.287560,-0.031822,-2.42052e-01,2.35392e-01
75-610,3,23.404234,2.970168,-0.059876,2.04850e-01,9.74012e-01
75-611,3,21.957975,2.431326,-0.046010,3.60411e-01,-3.97898e-03
75-612,3,21.603426,1.442599,0.029194,-8.04666e-02,-1.02168e-02
75-618,3,23.469429,2.970168,-0.068657,-7.00210e-02,7.76073e-02
75-619,3,21.910019,2.162149,-0.045573,-7.16342e-02,1.95290e-01
75-621,3,22.191448,1.424675,0.012727,-1.92566e-01,2.58462e-01
75-623,3,23.213194,2.970168,-0.051097,3.47974e-01,-4.86589e-01
75-624,3,21.592440,2.157422,-0.022325,5.36604e-02,-3.50795e-01
75-625,3,21.774670,2.024401,-0.049765,-4.02715e-01,4.36300e-01
75-626,3,22.665615,2.970168,-0.063073,-2.36761e-02,-2.82091e-01
75-627,3,22.851826,2.970168,0.002081,5.70920e-01,-1.61511e-01
75-629,3,24.047527,2.970168,-0.037736,1.49017e+00,-2.11868e+00
75-636,3,21.855362,1.555094,-0.039692,-2.73331e-01,3.08368e-01
75-640,3,21.963036,1.549496,0.011544,9.36717e-02,-5.24740e-02
75-641,3,22.784901,2.970168,-0.054902,4.98566e-02,3.62523e-01
75-642,3,22.086130,2.334674,-0.044192,-4.24938e-01,-2.28446e-01
75-646,3,23.220642,2.970168,-0.061051,6.51007e-01,-5.00497e-01
75-648,3,21.032639,2.497383,-0.018067,1.44401e-01,-7.17434e-02
75-651,3,21.460228,2.496433,-0.066335,5.10640e-01,-1.03539e-01
75-653,3,22.184940,2.641035,-0.028782,1.48984e-01,-2.42225e-01
75-655,3,20.987144,1.779730,0.008524,6.52712e-02,-3.85484e-02
75-657,3,22.886545,7.359693,-0.064339,4.97296e-01,-6.60123e-01
75-658,3,22.182383,2.970168,-0.035758,1.19787e-01,1.64690e-01
75-661,3,22.516899,1.523111,0.023541,3.68508e-01,-2.69530e-01
75-662,3,22.075031,1.937786,-0.059264,-2.61943e-01,1.14927e-01
75-665,3,21.954988,2.192462,-0.026569,-2.51709e-01,-1.32948e-02
75-666,3,21.639130,1.678952,-0.080876,2.72062e-01,9.88559e-02
75-667,3,23.139095,1.386889,0.017632,-3.61476e-01,-4.04991e-01
75-668,3,22.230120,3.365314,-0.076428,2.54267e-01,-3.05477e-01
75-671,3,21.753704,1.481833,0.027209,1.24694e-01,-6.21654e-02
75-672,3,21.336283,2.676115,-0.019570,9.79999e-02,1.10408e-01
75-673,3,22.788504,1.714310,0.012215,-5.73824e-01,3.04231e-01
75-676,3,21.955803,2.970168,-0.033411,-6.26001e-01,-4.31803e-01
75-678,3,22.223013,2.189081,-0.073436,1.02763e-01,3.13553e-01
75-680,3,21.623835,3.553927,0.015105,1.15011e-01,-1.43971e-01
75-681,3,22.871710,2.970168,-0.058885,-1.86773e-01,2.00208e-01
75-682,3,22.811777,1.222702,0.005839,5.17637e-01,-5.51672e-01
75-683,3,21.192747,2.241206,-0.028195,1.07186e-01,-3.60678e-01
75-686,3,22.711182,2.970168,0.002491,-1.17277e-02,9.65519e-02
75-690,3,20.939905,2.743698,-0.005169,2.09602e-01,2.17647e-01
75-692,3,23.205811,2.970168,0.002420,?,?
75-693,3,20.746197,2.757421,-0.003025,1.12003e-01,-1.06646e-01
75-696,3,20.880360,1.927160,-0.042795,4.07778e-03,-7.33900e-02
75-697,3,22.351690,2.424629,-0.039649,3.54201e-01,1.31128e-01
75-698,3,20.948797,1.992505,0.007899,-2.54420e-01,-9.52379e-02
75-700,3,21.975910,2.340883,-0.084011,-4.18138e-01,-5.08768e-01
75-701,3,21.808119,2.150112,-0.064218,-4.20235e-01,3.04511e-01
75-702,3,22.792110,2.970168,0.010485,-4.58854e-02,1.74831e-02
75-705,3,22.306894,1.675824,0.007837,-6.85601e-02,1.08278e-01
75-706,3,20.811104,2.164898,-0.018823,1.57335e-01,-3.49114e-02
75-707,3,22.227596,1.786759,-0.034739,-2.83601e-01,-5.35205e-01
75-710,3,21.830696,2.940620,-0.039158,4.38502e-01,-4.98369e-01
75-711,3,21.781130,1.670811,-0.035850,-2.76192e-01,8.50480e-03
75-712,3,21.528919,1.793534,-0.043453,2.81520e-01,-2.88685e-01
75-716,3,21.256208,2.278424,-0.025851,-3.29046e-01,-1.67453e-01
75-717,3,21.216232,1.923800,-0.014458,2.26240e-01,-7.96547e-02
75-718,3,20.821070,1.845692,0.014815,8.23428e-02,-1.71337e-01
75-721,3,21.417406,1.955197,-0.017616,-1.13834e-02,7.33234e-02
75-722,3,21.797377,2.912659,-0.051653,3.15413e-01,-3.57097e-03
75-723,3,22.473665,2.970168,0.024993,2.82055e-01,1.23647e-01
75-724,3,20.288145,2.407690,0.006461,1.96313e-01,2.92187e-02
75-725,3,21.173067,2.054180,0.015287,4.21363e-02,-4.03381e-01
75-726,3,21.170158,2.510761,-0.007210,-2.41128e-01,2.02168e-01
75-727,3,21.241575,2.238477,-0.010797,-3.75140e-01,1.41305e-01
75-731,3,22.121309,1.433861,0.010138,6.78426e-02,-1.29383e-01
75-732,3,22.198759,1.902567,-0.032309,3.78093e-01,1.64483e+00
75-733,3,21.226299,2.010221,-0.050325,8.37183e-02,-9.10298e-02
75-735,3,21.827772,1.458991,-0.064779,-3.13059e-01,1.76061e-01
75-740,3,21.377844,1.819156,-0.031067,-7.17850e-02,1.58106e-01
75-743,3,21.469950,2.599797,-0.037014,5.70381e-01,-5.66188e-02
75-745,3,20.440025,1.989571,-0.015934,4.55098e-01,-7.12728e-02
75-746,3,21.723166,1.996913,-0.041988,1.28151e-01,3.14228e-01
75-748,3,21.440098,2.687474,-0.021337,4.66633e-01,-1.53898e-01
75-750,3,22.194300,1.812024,-0.036435,7.32490e-01,-4.93271e-01
75-751,3,22.934519,2.970168,-0.069164,-4.22317e-01,1.08463e+00
75-755,3,20.832605,2.179265,-0.019432,3.75064e-02,5.26824e-02
75-758,3,21.016207,2.704968,-0.018326,1.27618e-01,1.23536e-01
75-760,3,21.031763,1.693914,-0.033909,7.13240e-02,4.90432e-02
75-761,3,21.107576,2.042920,-0.020558,1.00068e-01,3.74132e-01
75-764,3,22.504667,2.970168,-0.027493,4.17873e-01,2.41564e-01
75-765,3,21.637793,1.922535,0.011654,3.02944e-01,-2.66508e-01
75-773,3,22.635050,2.970168,-0.026931,-2.03327e-01,-1.67915e-01
75-775,3,21.066389,2.081403,0.008103,-3.57514e-02,-1.74321e-01
75-776,3,21.896307,7.359693,-0.047880,-2.48734e-01,-1.02043e-01
75-780,3,22.417971,2.970168,-0.063212,-1.92839e-01,1.58980e-01
75-781,3,22.327686,2.326583,-0.032467,-2.71319e-01,-6.18791e-02
75-783,3,22.125736,1.460349,-0.094174,2.98072e-02,2.94226e-01
75-791,3,23.590219,2.970168,0.005594,-7.01109e-02,-9.93753e-01
75-792,3,23.021862,1.105631,0.005977,1.53621e-01,-4.05634e-01
75-794,3,22.550333,1.388219,0.009441,1.68468e-01,8.36252e-01
75-800,3,23.660845,2.970168,0.004682,-4.64767e-01,3.99870e+00
75-801,3,21.772869,1.904555,-0.033091,1.77156e-01,-9.34203e-02
75-802,3,22.032106,1.462872,-0.049182,-2.30702e-01,2.00122e-02
75-804,3,22.545364,2.970168,-0.066557,?,?
75-806,3,21.749603,1.741339,-0.042871,-3.44939e-01,-5.25558e-02
75-809,3,21.231129,7.359693,0.054979,2.80900e-01,5.24528e-03
75-811,3,22.431627,2.276549,-0.045975,2.29922e-01,-8.26044e-02
75-813,3,22.046528,2.477759,-0.019723,-3.81045e-01,-3.99524e-01
75-814,3,22.149046,1.590324,-0.060490,1.78106e-01,3.69482e-02
75-815,3,22.210859,2.780591,-0.054250,7.61108e-01,1.22072e-01
75-817,3,22.771509,2.970168,-0.045334,6.08710e-01,4.67696e-01
75-819,3,22.217777,2.492528,-0.055438,-2.72307e-02,3.67718e-01
75-820,3,22.202820,2.168254,-0.034219,4.75380e-01,-1.56105e-02
75-821,3,22.636528,1.829432,-0.054180,-4.14944e-01,-1.67262e-01
75-822,3,22.625456,2.970168,-0.020055,7.88982e-01,1.18390e-01
75-824,3,21.471458,7.359693,-0.054792,-1.05219e-01,3.57237e-02
75-828,3,22.765945,2.970168,-0.037176,1.34797e+00,-8.14700e-01
75-829,3,22.067177,1.531579,-0.020565,3.66660e-01,-8.65938e-03
75-830,3,22.352139,1.708787,-0.043409,9.88500e-02,-8.32351e-02
75-832,3,22.657415,1.870708,-0.001525,-7.45476e-01,-2.62421e-01
75-833,3,22.726978,2.970168,-0.065064,?,?
75-839,3,21.740324,1.558661,-0.039111,1.96875e-01,2.36968e-01
75-841,3,22.341883,2.444077,-0.030776,1.15995e-01,4.42885e-01
75-844,3,22.436714,1.902331,-0.048771,-4.86380e-01,-1.19066e-01
75-845,3,22.860962,2.970168,0.010934,-2.36151e-01,-8.14115e-02
75-846,3,23.781494,2.970168,-0.073736,9.57244e+00,-7.47370e+00
75-848,3,22.579697,2.970168,0.004116,-3.82288e-01,-5.25140e-02
75-854,3,21.952965,2.396138,-0.050260,4.55030e-02,-4.66266e-01
75-857,3,22.928616,1.288436,0.007360,-2.67624e-01,-6.92050e-02
75-858,3,22.194046,1.672532,-0.050683,3.68147e-02,5.76734e-01
75-860,3,22.020033,1.856000,-0.045759,-1.50296e-01,2.61996e-01
75-861,3,22.173454,1.323699,0.026940,1.16285e-01,8.31210e-02
75-862,3,22.450487,1.583515,0.016708,-3.57532e-01,8.34512e-02
75-864,3,22.538549,2.970168,0.038518,-7.29414e-01,-1.45325e-01
75-865,3,21.584745,1.955055,0.040836,2.54936e-01,6.79869e-02
75-867,3,22.295341,1.323749,0.017262,-2.11417e-01,-4.37889e-02
75-871,3,22.501894,2.970168,-0.051487,-1.47717e-01,-4.55452e-01
75-873,3,23.716375,2.970168,0.006160,-2.59429e-02,-3.71495e-01
75-874,3,22.233807,2.366076,-0.047152,-9.00285e-02,-2.91030e-02
75-878,3,22.521214,2.970168,-0.033251,-6.29624e-01,1.10004e-01
75-879,3,22.049978,1.574371,-0.061883,6.06479e-02,1.99085e-01
75-880,3,23.234446,1.857824,0.011452,-2.16122e-01,-7.19126e-02
75-881,3,22.808352,2.970168,0.003608,1.20329e-01,1.84683e-01
75-882,3,20.823305,2.517786,-0.027526,-6.59744e-02,4.41496e-02
75-884,3,21.202135,2.341956,-0.009526,-9.79313e-02,-1.43349e-02
75-888,3,22.885323,7.359693,-0.059412,2.34843e-01,-4.34250e-01
75-894,3,22.558969,1.807378,-0.039536,3.35904e-01,-1.76741e-01
75-895,3,22.131538,2.241522,-0.068945,2.47109e-01,-2.03154e-01
75-896,3,22.307053,1.793398,-0.037892,3.56441e-02,-7.70977e-02
75-906,3,22.843502,0.950840,-0.068831,-5.87545e-01,-1.93699e-01
75-907,3,22.792763,2.970168,-0.031987,-2.10466e-01,3.63990e-01
75-908,3,22.386354,2.970168,-0.038916,4.39719e-01,2.01510e-01
75-913,3,21.746674,2.723965,-0.049756,2.50845e-01,-1.93808e-01
75-914,3,22.680405,2.970168,0.015629,-4.50684e-01,-6.28432e-01
75-920,3,22.635332,1.938347,-0.032926,-2.81636e-01,3.59061e-01
75-921,3,22.792255,2.970168,0.007020,-1.82729e-01,-6.47651e-01
75-922,3,22.667919,2.970168,-0.024567,2.73770e-02,3.44225e-01
75-923,3,22.134638,2.175340,-0.055216,3.93571e-01,-1.59524e-01
75-925,3,21.964308,1.843462,-0.035722,-1.88605e-01,-3.62700e-01
75-926,3,22.515785,2.970168,-0.025094,2.20605e-01,-3.54709e-01
75-928,3,22.362473,1.525764,-0.078030,3.73557e-01,-3.04500e-01
75-929,3,22.697891,1.900145,-0.061161,9.99980e-01,1.04978e-03
75-933,3,22.387522,1.764423,-0.043529,-8.69330e-02,4.94509e-01
75-934,3,22.807026,2.970168,0.014826,-5.67209e-01,-4.66829e-01
75-940,3,22.854618,1.028955,0.012556,7.54079e-01,1.67117e-01
75-942,3,22.602682,1.410733,0.007768,-1.13817e-01,-2.91710e-01
75-943,3,22.499315,1.925452,-0.041108,4.62262e-01,4.17648e-01
75-948,3,22.745831,1.251043,0.005204,9.07270e-01,-4.39674e-01
75-950,3,22.735882,2.970168,-0.067509,-3.37342e-01,-6.22897e-01
75-953,3,22.332178,2.750432,-0.036156,6.39923e-01,-1.07725e-01
75-960,3,22.544142,1.608171,0.014103,1.16902e-01,3.72715e-02
75-961,3,22.769325,2.970168,-0.062137,?,?
75-962,3,22.733517,2.970168,-0.076207,4.59176e-01,9.84993e-02
75-965,3,22.403650,2.970168,-0.021716,-1.89327e-01,2.25344e-01
75-968,3,22.284521,1.244528,0.016993,1.72278e-01,-2.45057e-01
75-970,3,22.282179,1.388469,0.015945,3.69642e-02,4.49212e-02
75-976,3,22.212723,1.062692,0.009600,1.43108e-01,-1.60731e-01
75-977,3,21.857283,2.436583,-0.052937,5.18597e-01,-4.58392e-01
75-978,3,22.887943,2.970168,-0.032957,7.72458e-01,3.39827e-02
75-979,3,22.836910,1.915226,-0.045355,-3.44279e-01,-2.75238e-01
75-980,3,22.733454,1.488767,0.010053,-2.24437e-02,-3.56291e-01
75-981,3,22.551342,1.229235,0.013730,9.63107e-01,1.40764e-01
75-982,3,22.824383,2.970168,0.006020,-2.13847e-02,8.66053e-03
75-985,3,22.826097,2.970168,-0.082583,2.44841e-01,-6.58999e-01
75-990,3,22.297409,2.970168,-0.033402,-9.09074e-02,-3.66477e-01
75-991,3,22.296803,1.719880,0.007673,2.53197e-01,-1.32527e-01
75-993,3,22.623970,7.359693,0.005989,4.06371e-01,4.06437e-01
75-994,3,21.581841,2.678626,-0.035064,8.02122e-02,-1.12117e-02
75-997,3,22.807899,2.970168,-0.056907,-4.45220e-02,-2.52546e-01
75-998,3,22.779203,2.970168,0.022180,-1.34643e-03,-5.40465e-01
75-1002,3,22.928074,7.359693,-0.055286,-6.63464e-02,4.45976e-01
75-1003,3,22.540470,2.970168,0.014072,2.18990e-01,-2.18154e-01
75-1004,3,21.846544,2.666527,-0.019009,-3.05079e-02,3.47841e-01
75-1008,3,22.743420,1.408835,0.006410,1.18370e-01,-2.26839e-01
75-1011,3,23.995598,2.970168,-0.044836,-5.08025e-01,6.21822e-01
75-1012,3,22.893000,2.970168,0.004795,-4.80999e-02,8.52755e-02
75-1013,3,22.729403,2.970168,-0.039163,-1.77689e-01,3.20539e-01
75-1016,3,22.122055,1.952977,-0.052023,-5.45812e-02,-3.51169e-02
75-1019,3,22.505249,1.905740,0.007683,7.42543e-03,-7.87224e-01
75-1020,3,22.569511,2.970168,-0.064630,-3.67328e-01,3.26617e-01
75-1021,3,22.657120,2.970168,-0.044733,3.08915e-01,-2.54627e-02
75-1029,3,22.464851,1.532562,-0.008565,1.13425e-01,-2.91823e-01
75-1030,3,22.839571,2.970168,0.013888,?,?
75-1031,3,22.683699,2.970168,-0.064425,4.20312e-01,-5.36657e-01
75-1032,3,22.420713,2.970168,-0.056100,1.75217e-02,1.00908e-01
75-1033,3,22.608873,2.970168,-0.027194,-2.79351e+00,-8.47489e-01
75-1034,3,22.559380,11.307058,-0.067375,-3.54749e-01,-3.81772e-01
75-1038,3,22.788721,1.460838,0.009429,-1.10659e-01,1.57548e-01
75-1039,3,22.079952,1.540269,0.012375,2.99928e-01,-5.72636e-02
75-1043,3,22.483379,1.852225,0.013312,-1.35237e-01,4.39103e-01
75-1047,3,22.721827,2.970168,0.004247,2.22648e-01,-3.56894e-02
75-1049,3,22.258905,2.406033,-0.065085,-2.37909e-01,1.70823e-01
75-1055,3,22.749420,2.970168,-0.048404,-3.44611e-01,6.73173e-01
75-1056,3,21.884628,1.265659,0.008707,6.23205e-02,-1.01403e-01
75-1057,3,21.475643,2.940768,-0.043641,-3.48428e-02,-5.22142e-02
75-1058,3,22.494164,2.970168,-0.031826,-1.23427e-01,-1.12504e-01
75-1059,3,21.895000,1.701262,-0.029508,-2.23504e-01,-1.90697e-01
75-1060,3,22.815948,2.970168,0.005630,-3.60265e-01,-3.94643e-01
75-1063,3,22.249527,1.474988,0.018427,1.19803e-01,2.64092e-01
75-1066,3,21.873762,1.568419,0.011029,-9.69935e-02,7.51348e-03
75-1070,3,21.762024,1.507581,-0.061596,3.69072e-01,-1.05479e-01
75-1075,3,22.623333,2.970168,-0.073444,-4.12219e-01,-1.12569e-02
75-1076,3,22.071400,1.853277,-0.066324,-6.25640e-01,-2.45621e-01
75-1079,3,22.854481,2.970168,-0.037314,2.10913e-01,-2.86084e-01
75-1081,3,22.313780,2.970168,-0.075881,-1.22845e-01,-3.92594e-01
75-1082,3,22.670555,2.970168,0.013953,-1.21932e+00,-4.44530e-01
75-1083,3,22.695776,2.970168,0.003045,-1.77825e-01,-1.24677e-01
75-1087,3,22.637423,2.970168,-0.029175,-1.08545e-01,8.24777e-01
75-1089,3,22.742340,1.150558,0.025724,-6.28453e-02,1.44525e+00
75-1090,3,22.712173,2.970168,0.009470,-8.50818e-04,-5.88092e-01
75-1091,3,22.478710,2.970168,-0.033013,-2.85971e-01,-4.52755e-01
75-1101,3,21.975496,1.644900,0.023320,2.38954e-01,-1.13255e-01
75-1107,3,22.801758,2.970168,0.008938,1.31014e-01,-3.14980e-01
75-1108,3,22.900585,2.970168,-0.076444,-8.18924e+00,-1.35985e+00
75-1109,3,22.814987,2.970168,-0.052008,-2.99517e-01,-3.56295e-01
75-1110,3,22.788097,1.717611,-0.059730,-2.39754e-01,-4.63542e-02
75-1116,3,22.399572,1.390197,0.012694,5.91729e-02,4.37131e-01
75-1117,3,22.796019,1.287240,0.012475,-3.70185e-01,-4.40730e-01
75-1118,3,22.727484,2.970168,-0.065199,-5.96279e-01,3.78146e-01
75-1120,3,22.710896,2.970168,-0.005868,1.52501e-01,-3.64014e-01
75-1122,3,22.446314,1.725486,-0.037591,-3.20505e-01,1.16454e-01
75-1123,3,22.705980,7.359693,0.006650,-8.71185e-02,4.24489e-01
75-1126,3,22.531219,2.970168,-0.028562,3.32566e-02,-1.19229e-02
75-1129,3,22.355209,1.638234,-0.071684,4.75385e-01,-3.35126e-01
75-1130,3,22.582491,2.970168,-0.044416,5.41351e-01,-4.23499e-01
75-1131,3,22.311272,1.712669,-0.027895,1.32865e-01,1.78945e-01
75-1132,3,22.818659,2.970168,-0.051649,4.43205e-01,-4.17522e-01
75-1145,3,22.971874,1.151211,-0.033898,-6.57378e-01,6.56388e-01
75-1146,3,22.975246,1.146506,0.020171,-1.74110e-01,1.55905e-01
75-1148,3,24.727591,2.970168,0.002002,?,?
75-1149,3,23.423159,0.846532,-0.053109,-7.02034e-01,2.45613e+00
75-1151,3,23.524279,2.970168,0.001875,?,?
75-1153,3,22.962238,0.882334,0.006515,-3.44844e-01,5.19020e-01
75-1155,3,23.084669,2.970168,-0.038464,1.30553e-01,3.06162e-01
75-1157,3,23.531496,11.307058,-0.055546,-5.29503e+00,1.07615e+01
75-1159,3,23.424629,7.359693,-0.039502,-4.53743e-02,-1.69205e+00
75-1161,3,23.324141,7.359693,-0.064114,4.88387e-01,7.87858e-01
75-1163,3,23.811415,2.970168,0.008993,-7.55767e-01,-2.61230e-01
75-1166,3,23.772959,0.768060,0.000603,-2.85802e-01,7.74409e-01
75-1167,3,23.412331,1.177734,0.001912,8.62587e-01,2.46294e+00
75-1168,3,23.167255,2.970168,0.000469,-2.77215e-01,7.12786e-01
75-1169,3,22.992655,2.970168,-0.057705,5.92626e-01,-5.76465e-01
75-1170,3,23.252377,2.970168,0.007546,-3.58768e-01,-7.63581e-01
75-1171,3,23.497616,2.970168,-0.001106,?,?
75-1172,3,23.176008,2.970168,-0.000028,1.87206e-01,-5.20663e+00
75-1174,3,22.928371,2.970168,-0.036567,-2.65616e-01,7.05399e-01
75-1176,3,23.099390,2.970168,0.061082,3.73138e-01,-3.62810e-01
75-1178,3,23.728771,2.970168,-0.003079,?,?
75-1179,3,23.212959,2.970168,-0.061055,?,?
75-1180,3,23.682217,0.690773,-0.003525,?,?
75-1182,3,23.143414,0.683940,-0.003670,-3.34602e-01,-2.69602e+00
75-1183,3,24.754116,2.970168,-0.064273,-1.87953e-02,2.14464e-01
75-1185,3,24.522041,11.307058,-0.042502,-1.92060e-01,-4.86457e-01
75-1186,3,23.332308,4.584435,0.004144,6.16349e-02,6.80827e-01
75-1187,3,23.109505,2.970168,0.004486,-5.33113e-01,4.36367e-01
75-1188,3,23.299013,2.970168,-0.000640,?,?
75-1190,3,23.734446,2.970168,0.001879,?,?
75-1191,3,23.302433,7.359693,0.011094,?,?
75-1192,3,23.448278,2.970168,-0.000210,1.67844e-01,3.61666e-02
75-1195,3,22.980663,2.970168,-0.053802,-6.50119e-01,1.97896e-01
75-1197,3,23.293875,2.970168,-0.055904,5.35912e-01,1.35739e-01
75-1198,3,23.545734,2.970168,-0.059782,-7.24497e-01,2.95489e-01
75-1199,3,22.976158,4.584435,-0.019164,1.83879e-01,2.06097e+00
75-1202,3,23.025578,2.970168,0.014546,4.11281e-01,7.94801e-01
75-1203,3,23.107706,2.970168,0.008136,-9.98698e-03,-9.34896e-02
75-1204,3,23.262571,0.984896,0.011615,-8.77613e-01,3.23536e+00
75-1206,3,23.244797,2.970168,0.009395,-2.25745e+00,4.70898e+00
75-1207,3,23.097246,2.970168,0.007313,1.98782e-01,8.18699e-01
75-1209,3,22.964334,2.970168,0.005961,1.21001e-01,-2.68299e-01
75-1210,3,23.135653,2.970168,-0.002172,3.32879e-01,3.18713e-01
75-1211,3,23.274059,2.970168,-0.051332,6.60393e-02,1.62853e-01
75-1213,3,24.157547,7.359693,-0.083382,-2.21177e+00,4.12692e+00
75-1217,3,23.842819,2.970168,0.004984,-9.66006e-01,1.93348e-01
75-1218,3,24.071533,2.970168,0.008961,-1.14983e+01,-7.94720e+00
75-1222,3,23.567308,11.307058,-0.037489,-1.19215e-01,3.64474e+00
75-1223,3,24.313063,4.584435,-0.043120,1.27872e+01,2.97903e+00
75-1224,3,23.121540,2.970168,0.009382,-4.01430e-01,2.75410e-01
75-1229,3,23.896893,2.970168,-0.082502,-6.42116e-01,7.26175e-02
75-1239,3,24.420448,2.970168,-0.071044,8.71534e-01,-1.95623e+00
76-6,6,16.207594,1.358572,10.293957,5.29148e-02,-4.34106e-02
76-9,6,17.577888,1.367616,1.300594,6.16276e-02,-2.55125e-02
76-14,6,16.440559,1.387996,65.135124,9.41307e-02,-4.65877e-02
76-20,6,16.475458,1.353968,35.554352,1.18789e-02,-5.53317e-02
76-23,6,17.094297,1.336678,5.391196,4.57859e-02,-4.26311e-02
76-52,6,17.124424,1.364351,42.198914,1.80461e-03,-5.33703e-02
76-58,3,21.561497,2.466500,-0.014027,8.05594e-02,5.12141e-02
76-64,6,15.193930,1.364231,979.501831,-1.23617e-03,-5.85530e-02
76-66,6,15.398778,1.339254,435.232666,-9.38724e-03,-4.93937e-02
76-72,6,17.855921,1.340455,4.267776,1.64522e-02,-3.99445e-02
76-75,6,15.222072,1.343110,191.588531,2.66460e-02,-3.66672e-02
76-76,3,21.453962,2.971971,-0.011190,-2.42640e-01,1.75485e-01
76-89,3,21.301613,7.359840,-0.009805,-3.39507e-02,-7.59665e-02
76-102,6,15.097302,1.337135,493.308716,1.45797e-02,-3.06513e-02
76-104,3,24.083214,2.970227,-0.001621,-3.98549e-02,-1.42609e+00
76-108,3,20.237623,4.834124,0.043809,-5.71032e-02,4.16385e-02
76-109,3,25.026060,2.970227,-0.074062,-1.98587e-02,1.19099e-01
76-113,6,15.456226,1.347802,332.193298,1.15549e-02,-2.48804e-02
76-116,6,16.494553,1.362267,35.820705,1.70406e-02,-3.00100e-02
76-119,6,17.307583,1.364445,5.816497,2.81130e-02,-2.72169e-02
76-124,6,19.513933,1.335606,0.299824,-2.41856e-02,-2.15263e-02
76-128,6,18.310291,1.363505,0.404878,5.02925e-02,-1.53738e-02
76-130,6,16.009996,1.414114,171.141815,2.28900e-02,-6.40752e-02
76-145,6,16.453297,1.417672,15.286267,7.20912e-02,-4.05609e-02
76-147,6,15.292726,1.441516,100.520203,8.05188e-02,-7.89179e-02
76-150,6,17.377125,1.406822,2.960064,6.15280e-02,-8.35452e-02
76-151,3,21.534986,2.399573,-0.020051,-3.49863e-02,1.17493e-02
76-153,6,18.928022,1.349921,1.493914,8.82512e-02,-6.38081e-02
76-156,6,17.050846,1.423857,6.208217,1.08438e-01,-6.37952e-02
76-158,6,16.431189,1.449449,5.709339,1.06834e-01,-8.22683e-02
76-160,6,17.387758,1.443705,0.889738,1.20922e-01,-6.46024e-02
76-174,6,19.192648,1.379372,0.283852,1.71408e-02,-2.49722e-02
76-176,6,18.339396,1.378101,0.740196,3.81872e-02,-5.37396e-02
76-179,6,16.986319,1.375120,4.344522,4.90467e-02,-4.57879e-02
76-185,3,21.776146,2.750276,-0.022538,4.93689e-02,-3.12742e-01
76-189,6,17.748253,1.354730,1.737797,5.36586e-02,-3.12959e-02
76-191,6,17.390900,1.353888,2.336973,5.09561e-02,-3.60313e-02
76-192,6,19.000145,1.332369,0.319427,4.73936e-02,-3.92643e-02
76-195,3,22.588015,2.970227,-0.068805,2.86810e-02,-2.67924e-01
76-197,6,18.187872,1.357880,1.247251,7.52864e-03,-5.02113e-02
76-200,6,17.716608,1.344308,2.092996,4.32644e-02,-4.40079e-02
76-205,6,17.277996,1.336043,3.069530,2.70553e-02,-3.99039e-02
76-208,6,18.692240,1.318257,0.645534,3.42152e-02,-6.93445e-03
76-209,3,21.295971,2.053625,-0.010700,3.39448e-01,2.67707e-02
76-210,6,19.941610,1.349795,0.254519,-1.15043e-03,-8.48502e-02
76-212,6,19.431765,1.335330,0.497655,1.91287e-02,-4.22546e-02
76-213,3,20.488562,2.144453,0.021308,-1.85458e-02,-2.29828e-02
76-216,6,19.874626,1.344919,0.180542,1.65887e-02,-9.12867e-02
76-218,6,18.277157,1.352637,2.201016,9.60063e-03,-6.67494e-02
76-219,6,19.523481,1.345136,0.317151,2.28792e-02,-7.27017e-02
76-225,6,18.050838,1.334139,1.691572,9.61688e-03,-4.69216e-02
76-226,6,18.949139,1.338372,0.386770,2.32876e-02,-3.32645e-02
76-228,6,17.980442,1.343660,6.262368,-1.48352e-02,-6.76888e-02
76-233,6,18.155266,1.339373,2.794608,-4.86416e-03,-3.32097e-02
76-235,6,18.738008,1.300451,2.552169,-4.10676e-02,-3.79451e-02
76-236,6,19.803978,1.281987,0.175800,-5.25884e-02,-2.65952e-02
76-240,6,16.434908,1.352625,147.836716,-1.37964e-02,-5.09291e-02
76-242,6,19.241226,1.331309,1.344809,-5.68508e-02,-5.14812e-02
76-244,6,18.616110,1.322198,1.417245,-6.36249e-03,-4.70332e-02
76-246,6,17.992329,1.362941,8.618045,-1.58645e-02,-4.87145e-02
76-250,6,18.229830,1.333434,2.211747,1.01960e-02,-3.40153e-02
76-251,6,18.724726,1.362212,3.959050,-6.00070e-02,-5.27314e-02
76-255,6,19.084400,1.365214,1.926299,-2.04833e-02,-5.83332e-02
76-257,6,18.019047,1.355760,9.143431,-1.17231e-02,-3.84446e-02
76-258,6,19.473761,1.362530,0.238952,-1.61016e-02,-1.21208e-02
76-261,6,19.143023,1.341675,0.441973,5.24770e-04,-4.24405e-02
76-262,3,21.875824,1.531433,-0.027147,-2.53412e-02,-5.08944e-01
76-266,6,16.323778,1.368179,41.320015,3.98867e-02,-1.16840e-02
76-272,6,17.192076,1.394004,22.124935,2.37608e-02,-1.09764e-02
76-282,6,18.651871,1.381462,0.644991,5.35439e-02,-2.67326e-02
76-284,6,18.821243,1.349114,1.194897,1.19275e-02,-3.58173e-03
76-287,6,17.768194,1.362817,8.596163,6.24091e-03,-1.05917e-02
76-288,6,19.199875,1.415299,0.259212,6.44381e-02,-1.59968e-02
76-291,6,19.429840,1.363171,0.334576,2.55027e-03,-1.57991e-02
76-292,6,19.019688,1.388173,0.862653,-9.56910e-03,-6.94736e-02
76-297,6,18.798479,1.410061,0.179239,8.45703e-02,-3.93534e-02
76-299,6,18.632517,1.392766,1.187066,3.34400e-02,-2.92661e-02
76-300,6,18.855354,1.695947,4.855882,3.63155e-02,-1.20226e-02
76-303,3,21.991755,1.664037,-0.066007,3.99257e-01,-1.09123e-01
76-304,3,22.518951,1.416660,-0.049989,2.26537e-01,-2.54927e-01
76-306,6,19.256746,1.383340,0.666522,-2.76921e-03,-5.25217e-02
76-307,6,19.171453,1.406143,0.234820,6.96391e-02,-3.49142e-02
76-311,6,18.985355,1.470180,0.464306,9.83859e-02,-3.02827e-02
76-313,6,19.059351,1.401749,0.619425,5.49556e-02,-1.04620e-01
76-314,6,18.206331,1.427319,1.810118,7.70884e-02,-7.48679e-02
76-317,6,18.242619,1.426214,0.336569,1.01793e-01,-5.71006e-02
76-318,3,21.615608,2.119671,-0.027666,-1.31394e-01,-2.95679e-01
76-324,6,18.398758,1.437556,0.120630,1.05480e-01,-8.12962e-02
76-326,6,18.373787,1.410536,0.340940,1.02753e-01,-7.44741e-02
76-327,6,19.025385,1.418567,0.222261,8.04060e-02,-6.93459e-02
76-328,3,22.130690,3.231588,-0.064663,-4.46256e-01,2.21822e-01
76-330,6,19.557581,1.522171,0.109362,1.56419e-01,-4.56689e-02
76-333,6,17.140753,1.439705,1.355609,1.08908e-01,-7.74687e-02
76-335,6,19.040104,1.406381,0.142938,9.18722e-02,-5.87012e-02
76-337,6,19.680971,1.409759,0.026632,9.71086e-02,-1.10510e-01
76-343,6,18.946159,1.392235,0.314830,8.18525e-02,-8.87477e-02
76-346,3,23.149754,2.970227,-0.039810,2.32589e-01,-7.07465e-01
76-353,6,19.315855,1.456165,0.419192,1.45757e-01,-6.72167e-02
76-361,6,19.984905,1.410206,0.050517,5.09527e-02,-8.92405e-02
76-364,3,20.107117,2.133269,0.024613,3.56107e-01,-1.89758e-01
76-368,6,19.629028,1.324623,0.096023,1.89449e-02,-5.20656e-02
76-371,3,20.122639,2.272821,0.355728,1.69269e-01,-2.25448e-01
76-375,6,19.891870,1.358471,0.123349,-2.49897e-02,-1.75746e-02
76-380,3,20.124743,1.868371,0.056574,-1.53097e-01,-1.35851e-01
76-381,6,19.493055,1.364566,0.428925,1.72230e-02,-1.08211e-01
76-386,3,20.104681,2.986629,0.011915,-9.31513e-03,-2.44458e-02
76-391,3,20.206755,1.938812,0.127710,4.68289e-02,6.02764e-03
76-409,3,20.133242,1.977962,0.071539,1.49009e-01,1.94689e-02
76-416,3,21.028780,2.488192,-0.019818,1.48561e-01,-2.04392e-01
76-418,3,20.296854,2.549530,0.194935,3.52499e-01,-1.01364e-01
76-422,6,19.899452,1.378765,0.143375,6.19301e-02,-7.61823e-02
76-443,3,22.767601,1.677129,0.000387,-7.43607e-01,1.60237e+00
76-466,3,22.076246,2.073641,-0.030194,1.99416e-02,-5.51003e-03
76-467,3,21.022184,2.298210,0.004396,1.89791e-01,-8.13741e-02
76-469,3,20.452362,2.181890,-0.007788,8.40252e-02,5.40682e-03
76-473,3,20.936861,1.550651,-0.013995,8.89349e-02,-5.07891e-02
76-482,3,20.870731,1.742199,-0.024591,-1.86605e-02,-4.61477e-02
76-484,3,22.115538,7.359840,-0.050290,1.18933e-02,-1.15195e-01
76-488,3,20.655140,2.876781,-0.025798,-5.11874e-01,1.49929e-01
76-495,3,21.866318,2.970227,-0.028804,-8.75500e-02,-1.94664e-01
76-499,3,21.940569,3.016102,-0.015700,-4.91360e-03,-3.26589e-02
76-502,3,24.191669,2.970227,0.025884,?,?
76-505,3,21.706409,2.083445,-0.035839,8.37173e-02,2.94991e-02
76-513,3,20.427216,2.606435,0.070976,2.80343e-02,-2.47781e-02
76-515,3,22.154566,1.909340,-0.071851,1.20387e-01,-3.42479e-01
76-517,3,20.406740,4.885792,0.166005,2.24270e-01,-9.74449e-02
76-520,3,20.839617,3.822098,-0.031481,1.88792e-01,-3.07288e-01
76-521,3,22.542706,2.970227,-0.040911,1.44889e-01,-8.55659e-02
76-532,3,22.284441,1.349951,0.019716,-1.90413e-01,-1.23014e-02
76-536,3,22.519499,2.970227,-0.050847,-1.15545e-01,-4.20219e-01
76-538,3,23.607134,2.970227,-0.031522,-1.72510e-01,-8.40936e-01
76-539,3,22.257860,7.359840,-0.035785,-9.54993e-02,-1.14862e-01
76-543,3,23.819727,2.970227,-0.023365,-1.85905e-01,-6.97228e-01
76-547,3,23.441706,2.970227,-0.090888,?,?
76-548,3,22.039684,1.593887,0.019101,7.57471e-02,1.81038e-01
76-549,3,22.737461,2.970227,0.005681,7.29666e-02,1.27388e-02
76-550,3,24.322208,4.584527,-0.047868,1.19894e+01,2.82321e+00
76-551,3,20.834862,2.468723,-0.037920,-6.03787e-02,5.12005e-02
76-554,3,21.763441,1.530463,0.011287,2.80431e-02,2.62889e-02
76-555,3,21.215178,2.336062,-0.009279,-9.24436e-02,-9.88403e-03
76-559,3,22.893299,7.359840,-0.060849,1.57670e-01,-5.06896e-01
76-561,3,21.114973,2.256232,-0.027071,2.64006e-01,-2.28165e-01
76-563,3,22.524683,1.531923,-0.059182,1.92068e-02,5.25067e-01
76-564,3,20.523283,3.209354,-0.026162,-4.71877e-02,9.81545e-02
76-565,3,22.525963,1.385136,0.008211,-1.30097e-02,-9.34244e-02
76-566,3,22.479277,1.406990,-0.046136,-4.03903e-01,-3.01161e-01
76-569,3,21.844635,1.875223,-0.036029,-2.97262e-01,1.56619e-01
76-572,3,21.177975,1.609613,-0.005349,-4.86975e-02,2.79628e-01
76-574,3,22.438547,1.747397,-0.081718,-2.55591e-01,1.72599e-01
76-575,3,22.252661,2.970227,-0.075566,-3.96462e-01,-4.19655e-01
76-577,3,20.589230,1.956257,-0.025139,1.22293e-01,-1.19670e-01
76-578,3,21.446075,2.865876,-0.006241,1.05747e-01,-1.79168e-01
76-579,3,22.663319,2.970227,-0.021696,-3.60048e-01,-1.35591e+00
76-580,3,22.584202,2.970227,-0.056262,5.33051e-01,4.68448e-01
76-581,3,21.149647,1.645774,-0.029945,8.40138e-02,7.15076e-03
76-582,3,21.887323,2.263587,-0.025653,2.54889e-01,3.32912e-01
76-584,3,21.949177,2.199194,-0.051442,3.38066e-02,1.23603e-01
76-586,3,22.757296,7.359840,-0.029431,2.85595e-01,6.08233e-01
76-587,3,23.416332,2.970227,0.004419,7.87067e-01,-3.85216e-01
76-589,3,20.595797,2.549043,0.012966,1.10701e-01,-6.67458e-02
76-590,3,22.082130,2.392260,-0.023180,-3.79322e-01,-2.70372e-01
76-592,3,22.182943,1.719670,-0.068048,-3.45224e-01,-5.07257e-01
76-593,3,22.360872,1.598218,-0.060943,-3.14774e-01,2.01473e-01
76-594,3,21.000353,3.050326,-0.020924,3.38943e-01,3.31249e-01
76-595,3,22.760546,2.970227,0.004684,3.38634e-01,-1.19194e-01
76-597,3,21.534359,1.541106,-0.030073,-2.55717e-02,-2.15874e-01
76-599,3,22.544796,1.970397,-0.026096,-3.54834e-01,5.58106e-01
76-600,3,21.682684,2.222082,-0.044048,-2.05941e-01,3.16594e-01
76-601,3,21.151825,1.811119,-0.046238,2.16884e-01,-6.98049e-02
76-605,3,21.729153,2.442079,-0.024278,-1.23125e-01,2.92139e-01
76-608,3,21.852314,7.359840,-0.011813,-6.68320e-01,-1.76744e-01
76-609,3,22.519321,1.655867,-0.023512,-4.40052e-02,1.28189e-01
76-610,3,21.870760,1.704787,-0.054683,-1.81027e-01,3.17240e-01
76-612,3,22.270050,3.198904,-0.086038,9.76255e-02,1.33443e-01
76-617,3,21.435928,1.812944,-0.051276,2.82781e-02,9.67608e-02
76-620,3,21.019167,2.171533,-0.023330,1.71365e-01,-3.34234e-02
76-621,3,22.786757,1.414077,0.013660,-5.66329e-01,3.88249e-01
76-625,3,21.997921,2.226786,-0.042266,1.57215e-01,2.23453e-01
76-633,3,22.649113,2.970227,-0.060396,3.24806e-01,1.69513e-01
76-634,3,22.143513,2.115502,-0.054924,9.99769e-02,2.06345e-01
76-636,3,21.950634,2.180356,-0.024896,-2.73916e-01,-1.69960e-01
76-640,3,21.013155,2.337308,-0.025260,-5.62802e-02,-1.78749e-02
76-641,3,22.088972,2.399472,-0.052997,1.72192e-01,-8.00839e-02
76-649,3,21.463526,2.581587,-0.036292,-1.36736e-01,-3.49435e-01
76-653,3,20.928986,2.188604,-0.027051,-1.09375e-01,-1.83562e-01
76-654,3,21.520193,2.721408,-0.028896,-1.93988e-01,-1.50061e-01
76-655,3,22.122488,2.695119,-0.020959,-4.03457e-01,-3.17206e-01
76-656,3,21.320675,2.001657,-0.026855,-1.88722e-01,-1.01358e-01
76-657,3,21.920271,2.391896,-0.058669,2.86179e-01,-1.74185e-01
76-658,3,22.398882,1.379265,0.025313,5.73602e-02,-2.93020e-01
76-669,3,21.558762,1.853639,-0.046976,5.40456e-02,-4.85564e-02
76-670,3,22.197205,2.109846,-0.030556,-2.74418e-01,2.25057e-01
76-671,3,21.245703,1.628426,-0.016456,-3.47098e-02,-4.45921e-02
76-672,3,21.365845,1.588174,-0.012369,-4.05271e-01,1.96508e-03
76-673,3,21.462759,1.505428,-0.041058,2.44386e-01,9.88150e-03
76-675,3,22.476835,2.970227,-0.039040,1.30796e-01,7.52515e-01
76-676,3,22.163502,2.576869,-0.029307,-1.15994e-01,-2.81777e-01
76-677,3,22.391552,1.806408,-0.054507,-3.07040e-01,-2.75875e-01
76-682,3,23.593544,2.970227,0.009505,2.46918e-01,1.67379e+00
76-683,3,23.142435,2.970227,-0.079488,-2.49629e-01,-1.08350e-02
76-685,3,22.300657,2.049384,-0.042765,-5.02734e-01,-1.65678e-01
76-686,3,21.808805,1.786997,-0.028164,-1.27719e-01,2.49601e-01
76-687,3,22.262032,1.879498,-0.030787,-1.80005e-01,-6.06095e-02
76-689,3,23.296522,2.970227,-0.085260,-3.58432e-01,1.18228e+00
76-691,3,23.345104,2.970227,-0.020082,-1.09761e+00,-2.60669e+00
76-692,3,21.990992,1.744324,-0.062404,2.47823e-02,-1.05582e-01
76-693,3,22.529451,7.359840,0.011661,-2.31708e-02,6.84307e-02
76-694,3,21.596691,1.590184,-0.021122,3.94840e-02,-1.67954e-01
76-699,3,22.987886,0.897316,0.008530,1.11822e-01,-6.45718e-01
76-701,3,20.684799,2.156619,-0.012745,1.35487e-01,-1.80668e-01
76-702,3,22.710054,0.972821,0.010471,1.72524e-01,-5.08899e-01
76-703,3,22.803608,7.359840,-0.037321,-5.21270e-01,-5.57954e-01
76-704,3,22.424421,2.970227,-0.029806,-4.29246e-02,-2.18835e-01
76-705,3,21.180086,3.759291,0.031549,-1.77048e-01,-4.71323e-01
76-708,3,21.838827,2.238019,-0.047304,1.49835e-01,-2.99337e-02
76-714,3,22.991146,2.970227,-0.048675,?,?
76-715,3,22.987808,11.307284,0.021670,7.07818e-01,-6.93205e-01
76-717,3,21.371946,2.072064,-0.001497,1.51856e-03,-1.04566e-01
76-719,3,22.454128,1.804072,-0.033221,2.43834e-01,3.39861e-01
76-720,3,22.091436,2.012488,-0.047979,9.61076e-02,3.70788e-01
76-727,3,21.966408,1.540043,-0.035350,3.28069e-01,2.71144e-01
76-728,3,22.972033,18.020927,-0.050269,-3.25811e-01,-7.99391e-01
76-729,3,21.291723,2.797791,-0.023425,4.27504e-01,-1.18289e-01
76-730,3,21.426600,2.100045,-0.023602,2.71001e-01,-4.96838e-02
76-732,3,22.245951,1.282936,-0.054510,-1.24809e-01,3.69566e-01
76-733,3,22.898996,1.201106,0.007364,-1.67841e-01,6.62837e-01
76-739,3,21.844051,2.215453,-0.040237,-2.71973e-01,3.72837e-01
76-740,3,23.473001,2.970227,0.001528,5.01909e-01,-5.76347e-02
76-741,3,22.427515,1.305368,0.014034,2.04380e-01,-3.02537e-03
76-743,3,22.847116,1.725833,-0.063519,-2.93913e-01,9.35829e-01
76-744,3,22.249582,1.629247,-0.037173,3.20035e-01,8.30067e-02
76-745,3,21.561443,1.892156,-0.029671,-1.92732e-01,-1.29391e-01
76-747,3,22.621910,2.970227,-0.058273,-7.61831e-01,-3.73860e-02
76-749,3,21.708700,1.566783,-0.049316,1.08354e-01,-4.17633e-01
76-750,3,22.192223,1.977973,-0.054078,2.92414e-03,-1.65874e-01
76-751,3,21.376287,1.928062,-0.039857,5.79190e-02,7.63905e-02
76-752,3,22.133192,2.261901,-0.030407,1.46154e-01,-4.60318e-01
76-753,3,21.788675,2.208171,-0.020671,-4.66121e-02,1.29404e-02
76-757,3,22.346855,1.818453,0.012887,3.79107e-01,-2.09352e-01
76-759,3,23.596361,2.970227,-0.046941,?,?
76-765,3,21.725325,1.619557,-0.024028,-1.65258e-01,1.62663e-01
76-767,3,21.619501,2.076074,-0.029075,-1.27639e-01,2.37886e-01
76-768,3,22.507288,2.970227,-0.030567,4.74364e-01,-1.99183e-01
76-770,3,22.231655,2.082657,-0.067578,1.54906e-01,2.82373e-01
76-771,3,22.245197,1.825575,-0.069894,3.17402e-01,-4.03165e-01
76-772,3,20.516298,1.871795,0.066961,-1.03669e-02,1.42688e-01
76-774,3,21.273462,1.664215,-0.007082,-1.28978e-01,8.33490e-02
76-777,3,22.108265,1.596513,-0.052863,1.35924e-01,-1.53417e-01
76-778,3,21.491350,2.347240,-0.036604,3.62970e-01,9.62960e-02
76-779,3,22.445684,1.759271,-0.049042,-1.56584e-02,8.69900e-02
76-781,3,22.246752,1.595308,-0.073596,2.10471e-01,-3.71226e-01
76-782,3,21.645405,2.166819,-0.088532,3.32759e-01,1.00767e-01
76-783,3,22.206913,2.970227,-0.023070,1.88398e-01,-1.36902e-01
76-784,3,22.002594,1.549849,-0.065951,9.83031e-02,2.81835e-01
76-786,3,21.182119,2.352255,0.018382,4.82634e-01,1.58704e-01
76-790,3,21.898928,1.361539,0.012959,2.72834e-01,-2.31918e-01
76-796,3,22.613455,1.269476,0.010058,3.91346e-01,2.54119e-01
76-797,3,21.807163,2.970227,-0.030301,-1.83441e-02,3.00944e-01
76-799,3,21.801903,1.623268,-0.045373,-1.07676e-02,1.02789e-01
76-800,3,20.933041,2.698292,0.015436,-1.42839e-01,2.81673e-02
76-801,3,22.052481,1.870167,-0.046478,1.85227e-01,-1.97283e-01
76-809,3,20.586615,3.072603,0.114219,2.93942e-01,2.19703e-01
76-814,3,20.945913,2.405577,-0.025905,3.22410e-01,-4.92407e-01
76-815,3,22.299385,1.884935,-0.022478,-2.04481e-03,-2.27343e-01
76-817,3,22.206490,2.077775,-0.083663,-7.58060e-02,-3.63076e-01
76-818,3,21.735441,2.410504,-0.020965,9.78765e-02,1.90466e-02
76-820,3,20.724325,1.733194,-0.035769,-3.26408e-02,-4.99681e-02
76-823,3,23.042685,2.970227,-0.036024,-3.40200e-01,4.56084e-01
76-824,3,21.973997,2.287262,-0.066900,-1.95196e-01,1.14659e-01
76-825,3,22.491316,1.917353,-0.045622,-4.20905e-01,3.58039e-01
76-826,3,22.051773,1.730656,0.025719,2.79508e-01,9.52045e-02
76-828,3,22.008394,1.650164,-0.029400,4.51477e-01,1.32083e-01
76-829,3,22.842787,2.970227,0.025453,-2.96982e-01,-4.41607e-02
76-831,3,22.303169,1.494167,0.014490,-4.55149e-02,-1.31642e-01
76-833,3,23.807590,2.970227,-0.048900,9.42948e-01,-1.84174e-01
76-834,3,22.218174,1.480697,0.035722,-1.24846e-01,-2.98105e-01
76-835,3,21.802433,2.367614,-0.027602,-2.84948e-01,1.30075e-01
76-837,3,22.523521,1.710479,-0.052256,-6.09908e-01,-3.18140e-01
76-841,3,21.801685,3.219541,-0.020638,-2.94762e-01,-2.24155e-01
76-843,3,22.735561,2.970227,-0.033741,2.72796e-01,-1.04795e-01
76-844,3,22.166830,1.596481,-0.073465,1.23704e-01,6.16219e-01
76-846,3,23.315571,2.970227,0.060408,7.24328e-02,8.13310e-01
76-849,3,22.492882,2.970227,-0.027793,7.46266e-01,-5.14442e-01
76-850,3,22.411957,2.187825,-0.039978,4.18297e-01,-4.83600e-01
76-857,3,22.134073,1.650655,0.019405,3.11635e-01,5.16842e-02
76-858,3,20.642635,2.135733,-0.020795,7.32074e-02,3.49542e-01
76-861,3,21.589005,2.587887,-0.076905,-4.39056e-02,-3.36321e-01
76-863,3,22.838127,2.970227,0.010559,1.47146e-01,-2.07128e-01
76-866,3,21.020306,1.997745,-0.025111,2.68085e-01,-8.70795e-02
76-868,3,20.618525,2.145689,-0.059618,3.50554e-01,-4.32761e-02
76-873,3,20.355597,4.090411,0.002960,2.85823e-01,2.15923e-01
76-874,3,22.280848,1.958731,-0.038024,2.95359e-01,-7.17084e-02
76-875,3,21.810158,1.546480,-0.046778,-2.55065e-01,1.83508e-01
76-877,3,21.988218,1.708940,-0.028382,1.20850e-01,1.22125e-02
76-878,3,21.336191,2.541934,-0.030522,4.47205e-02,-1.14737e-01
76-880,3,22.615919,2.970227,-0.041951,4.90681e-01,1.27489e-01
76-881,3,22.618799,2.970227,-0.031757,-4.14205e-01,-6.53659e-02
76-882,3,22.603668,1.743407,-0.050490,2.00506e-02,-2.36471e-01
76-883,3,20.590294,1.684606,-0.018637,3.35937e-01,-1.94745e-01
76-884,3,23.649969,0.087481,-0.089343,-4.88721e-01,5.03322e-01
76-886,3,22.715639,2.970227,0.010720,-2.60779e-01,9.81240e-03
76-887,3,22.224380,2.230438,-0.046082,1.48822e-01,-6.36042e-01
76-893,3,22.908157,1.124225,0.002422,3.34285e-01,-8.63625e-01
76-894,3,22.804485,2.970227,0.001148,-3.79434e-01,-1.12183e-01
76-895,3,22.256250,1.644332,-0.069169,2.59787e-02,-3.38305e-01
76-896,3,21.113560,2.735589,0.006965,2.01652e-01,-8.78448e-02
76-897,3,22.391281,1.532655,-0.023879,3.55021e-01,-2.86570e-01
76-901,3,21.125372,2.458935,0.014248,4.21224e-01,-2.91048e-02
76-905,3,21.964453,2.970227,-0.053502,-1.76583e-02,-4.32280e-01
76-908,3,21.201393,3.151103,0.011916,1.72970e-01,-1.24613e-01
76-909,3,22.815371,2.970227,0.016751,-9.83445e-01,1.14490e-01
76-911,3,23.205301,2.970227,0.006967,5.09749e-02,8.05631e-01
76-912,3,24.456312,2.970227,0.007696,2.63096e+00,-2.97471e+00
76-913,3,21.744520,3.292582,-0.007954,3.69866e-01,3.81575e-01
76-914,3,21.453619,1.674977,-0.066826,2.76391e-01,6.17625e-02
76-915,3,21.699102,2.317056,-0.040028,3.96686e-02,3.98339e-01
76-916,3,20.889833,2.268326,0.008497,1.14385e-01,1.10758e-01
76-926,3,22.839928,1.312157,0.011042,-3.63461e-01,-3.64744e-01
76-927,3,22.729336,2.970227,-0.074731,-1.26666e-01,7.33519e-01
76-929,3,22.732019,1.424754,-0.001939,-4.74119e-02,-3.85804e-01
76-931,3,22.459553,1.752589,-0.050423,-2.99035e-01,9.85798e-02
76-932,3,22.759361,7.359840,0.007098,-6.35064e-02,6.64853e-01
76-936,3,22.361845,1.783354,-0.082359,4.64716e-01,-2.88892e-01
76-937,3,22.583454,2.970227,-0.045476,5.68928e-01,-3.53426e-01
76-939,3,22.848877,2.970227,0.008814,9.85164e-01,4.75904e-02
76-945,3,22.222151,2.642274,-0.056023,4.20864e-01,-3.30195e-01
76-947,3,22.550453,1.990752,-0.038801,-4.09740e-02,-7.10358e-02
76-948,3,22.611032,2.970227,0.002145,-3.54185e-01,-1.66330e-01
76-949,3,22.680611,2.970227,-0.044604,-5.33141e-01,5.46129e-01
76-951,3,22.574327,2.970227,0.022207,-4.37421e-01,2.67659e-01
76-952,3,22.423288,1.298506,0.008324,4.38337e-02,2.72123e-01
76-960,3,22.792410,2.970227,-0.049868,-3.64335e-01,2.87116e-01
76-967,3,21.750105,1.617922,-0.037617,-4.84993e-02,1.71421e-01
76-970,3,22.200375,2.079666,-0.019546,-7.10940e-02,1.52852e-01
76-976,3,21.693493,1.790958,-0.065446,-1.40731e-01,-6.91999e-02
76-978,3,22.589090,1.110069,0.016024,-4.89791e-01,5.39253e-03
76-982,3,22.822618,1.188490,0.001916,-2.36365e-01,-1.04676e-02
76-986,3,22.887123,2.970227,-0.049574,-8.28052e-01,-3.15922e-02
76-988,3,23.240326,2.970227,0.009771,7.68032e-01,-3.17029e-01
76-991,3,22.758305,2.045882,-0.056617,1.65766e-01,2.41855e-01
76-998,3,22.823584,2.970227,0.012804,7.51179e-01,-1.86347e-01
76-999,3,22.794947,1.348136,0.005726,1.27729e-01,-1.53884e-02
76-1000,3,22.839933,2.970227,-0.032237,3.98426e-01,5.56389e-01
76-1003,3,22.867107,1.087868,0.008607,-3.77820e-01,2.56003e-01
76-1004,3,22.514009,1.927349,-0.037363,-6.10527e-02,-2.31394e-01
76-1006,3,22.487278,1.363721,-0.042956,8.28729e-02,6.92343e-01
76-1007,3,22.795881,2.970227,0.014576,-5.43635e-01,-3.64727e-01
76-1010,3,22.529781,2.970227,-0.043402,-1.18742e-01,-6.69560e-01
76-1012,3,22.722700,2.970227,0.017768,-3.11962e-01,-6.23558e-01
76-1013,3,22.605700,2.970227,-0.029028,5.55341e-01,-1.85875e-01
76-1014,3,21.931541,1.562852,0.008764,-1.43403e-01,9.04200e-02
76-1020,3,22.590372,1.705376,-0.037309,-2.20043e-01,3.25070e-01
76-1025,3,22.789051,11.307284,-0.060234,-4.22153e-01,-6.98141e-01
76-1032,3,22.851318,1.270819,0.010892,-3.89190e-01,-5.16149e-01
76-1034,3,22.846653,2.970227,-0.041651,-3.51923e+00,-1.10114e+01
76-1037,3,22.432350,1.219823,0.006071,2.00113e-01,-2.08951e-01
76-1038,3,22.851049,7.359840,-0.040257,-7.23087e-01,2.67042e-01
76-1039,3,22.840467,1.762277,0.009785,-5.37607e-01,4.02135e-01
76-1044,3,22.318031,1.583247,-0.058016,-2.67171e-01,1.15250e-02
76-1048,3,22.631037,2.970227,-0.068839,3.03908e-01,-2.20429e-01
76-1052,3,22.205088,2.970227,-0.052770,1.41117e-02,-2.85771e-01
76-1058,3,22.522165,1.634375,0.009709,4.09022e-01,1.40788e-01
76-1061,3,21.945852,1.223363,0.008027,8.17991e-02,-8.67098e-02
76-1062,3,22.857939,2.970227,-0.065345,5.44233e-01,1.29947e-01
76-1063,3,22.249849,1.898237,-0.027692,-2.17269e-01,-1.10971e-01
76-1065,3,22.698008,2.970227,-0.049848,5.30771e-01,-3.71871e-01
76-1066,3,21.733587,1.665896,-0.041106,3.89888e-02,1.19328e-01
76-1070,3,22.375807,2.970227,0.015100,3.14019e-02,3.59008e-02
76-1072,3,22.109356,1.812626,0.021881,1.35224e-01,-1.17675e-02
76-1074,3,22.478094,1.771067,-0.046651,3.01100e-01,2.18281e-02
76-1076,3,22.800737,2.970227,0.011544,1.02716e-01,-3.65788e-01
76-1077,3,22.703983,2.970227,-0.027873,3.66984e-01,1.01290e-01
76-1078,3,22.096432,7.359840,-0.049484,6.09989e-01,-2.57864e-01
76-1080,3,22.464849,1.457187,0.008081,1.40879e-02,3.79771e-01
76-1085,3,22.237297,1.460363,-0.033383,-2.78238e-01,1.90895e-01
76-1087,3,22.468201,1.164752,0.004827,1.40575e-01,1.76874e-01
76-1094,3,23.012047,2.970227,-0.028453,1.48950e-01,2.40927e-01
76-1095,3,22.186516,1.580840,0.020867,2.25042e-03,-8.93675e-02
76-1097,3,22.804302,2.970227,-0.043038,-6.41806e-01,-3.86608e-01
76-1098,3,22.256548,1.580503,-0.114774,8.12406e-02,-4.92623e-02
76-1099,3,22.825884,2.970227,0.008662,-5.86392e-01,-1.29277e-01
76-1100,3,22.704184,2.970227,-0.038758,1.02115e-01,-2.60346e-01
76-1101,3,22.587978,11.307284,-0.051600,-2.00989e-01,2.76609e-01
76-1104,3,22.705462,2.970227,-0.065399,-8.08802e-01,-1.56276e-01
76-1108,3,22.484406,2.970227,-0.050930,-3.62349e-01,3.82527e-01
76-1109,3,22.659687,1.411897,-0.091871,-6.49301e+00,7.86879e+00
76-1110,3,22.583508,1.568619,-0.026962,-5.67324e-02,-5.24823e-01
76-1114,3,22.869469,2.970227,-0.027010,-1.32716e-01,3.72065e-01
76-1115,3,22.667719,2.970227,-0.061284,-1.14121e-01,4.82947e-01
76-1116,3,22.441736,2.970227,0.007565,1.16059e-01,-1.27032e-01
76-1119,3,22.655638,2.970227,-0.050441,9.47163e-02,1.43551e-01
76-1121,3,22.592930,2.970227,-0.018509,-2.86457e-01,-7.36462e-02
76-1122,3,22.732063,2.970227,0.009562,-2.64834e-02,1.54952e-02
76-1123,3,22.644142,1.553019,-0.037924,-5.59199e-01,-5.61266e-01
76-1124,3,22.600840,2.970227,0.012319,5.50632e-01,-3.07161e-01
76-1128,3,22.760866,1.148620,0.003785,-3.60167e-01,-4.80311e-01
76-1129,3,22.756300,2.970227,-0.044523,-2.51403e-01,8.02191e-01
76-1131,3,22.679920,2.970227,0.015619,-1.06488e-01,-3.25845e-02
76-1132,3,22.415438,1.277328,0.003813,-4.83219e-01,7.04465e-01
76-1133,3,22.695543,2.970227,0.016257,-1.38499e-01,-6.10775e-01
76-1138,3,24.003391,2.970227,0.023298,?,?
76-1139,3,22.710163,1.342733,-0.033097,-2.59067e-01,-3.35520e-01
76-1140,3,22.602915,1.793950,-0.039729,3.05814e-02,-2.12391e-01
76-1141,3,22.802372,2.970227,-0.052347,-1.39582e-01,-1.52825e-01
76-1142,3,22.778917,2.970227,0.019304,1.91806e-01,-6.81650e-01
76-1143,3,22.848652,2.970227,-0.031885,-4.52241e-01,1.63200e-01
76-1145,3,22.019278,1.574637,-0.044418,2.82098e-01,-1.89396e-01
76-1147,3,22.502523,2.240036,-0.045770,4.53945e-01,2.10388e-01
76-1149,3,21.939520,1.747383,-0.041886,-4.77809e-03,-7.18823e-02
76-1150,3,22.230137,1.779611,0.022548,-2.24971e-01,-1.28707e-01
76-1151,3,22.826612,2.970227,-0.098355,-6.99573e-01,1.02584e-01
76-1153,3,22.767479,2.970227,0.012261,1.23675e-01,-1.27539e-01
76-1157,3,22.417879,2.970227,-0.058129,3.33097e-01,-6.46233e-01
76-1160,3,22.611513,2.970227,-0.077706,-3.21528e-01,-5.50062e-01
76-1162,3,22.527966,1.884353,-0.060406,-3.52562e-01,-4.29247e-01
76-1165,3,22.623968,2.970227,0.015322,3.64847e-01,-2.83672e-01
76-1166,3,22.298561,1.756772,-0.030036,8.20513e-02,-8.99789e-02
76-1167,3,22.820358,1.200097,0.009509,-2.95514e-01,4.21128e-01
76-1169,3,22.663988,2.970227,-0.051437,-2.44521e-01,-5.70637e-02
76-1171,3,22.467701,1.897768,-0.076938,4.51474e-01,-3.66964e-01
76-1178,3,22.806086,2.970227,-0.023048,-2.23994e-02,1.79044e-01
76-1183,3,22.789415,2.970227,0.010908,3.71765e-02,-7.38100e-01
76-1184,3,22.532606,2.970227,0.009065,5.73168e-01,1.17300e-01
76-1185,3,22.454056,1.172025,0.031864,3.84740e-01,1.02435e-01
76-1186,3,21.910784,2.073065,-0.030820,-1.12958e-01,-1.56441e-01
76-1187,3,22.660397,2.970227,-0.054698,2.98582e-01,2.55531e-01
76-1189,3,22.778627,2.970227,0.007392,1.81401e-01,-6.78701e-01
76-1190,3,22.644123,2.970227,0.011670,-1.27764e-01,-4.38256e-01
76-1191,3,22.520941,2.970227,0.027391,-3.39165e-01,1.96973e-01
76-1193,3,22.811190,2.970227,-0.069360,3.63532e-01,-1.24368e-01
76-1201,3,22.002016,2.970227,-0.041454,1.09066e-01,-3.09564e-01
76-1203,3,22.586081,2.970227,-0.057105,5.99023e-01,-2.11795e-01
76-1206,3,22.445663,2.970227,-0.022558,4.04861e-01,-3.52960e-02
76-1208,3,22.434464,1.875012,-0.038320,-4.09561e-01,1.81097e-01
76-1210,3,22.437317,2.970227,-0.059419,6.37392e-02,2.57132e-01
76-1211,3,22.767746,2.970227,-0.048888,-3.50962e-01,-5.49982e-01
76-1212,3,22.735195,1.698460,-0.037887,3.79689e-01,-6.33670e-01
76-1216,3,22.857672,2.970227,0.000593,-5.80996e-02,-4.42122e-01
76-1227,3,23.524662,2.970227,-0.043318,-1.48098e+00,8.45572e+00
76-1228,3,23.036135,2.970227,0.011597,-3.27508e+00,-2.34693e+00
76-1229,3,23.492622,2.970227,-0.049014,-2.43007e+00,2.60648e+00
76-1236,3,23.487879,2.970227,0.012905,3.67961e-01,-1.06597e+00
76-1238,3,25.399485,2.970227,-0.081776,4.47221e-01,5.22722e-01
76-1239,3,23.387615,2.970227,-0.110862,-5.60800e-01,5.57547e-01
76-1241,3,23.208042,2.970227,-0.040360,-2.70451e-01,1.19565e+00
76-1245,3,22.976120,2.970227,-0.023247,-6.38208e-01,3.87783e-01
76-1248,3,23.167482,2.970227,-0.066907,5.12988e-01,-5.54703e-01
76-1249,3,23.044495,2.970227,0.003954,5.14186e-01,2.33651e-01
76-1251,3,23.150278,2.970227,-0.058239,?,?
76-1252,3,23.013306,7.359840,-0.030992,5.83860e-01,6.54828e-01
76-1253,3,23.838675,2.970227,-0.077213,-1.06029e+00,-7.80033e-01
76-1256,3,23.215893,2.970227,0.008484,-6.21410e-01,-9.34419e-02
76-1257,3,22.988224,2.970227,0.005051,-4.27015e-01,-2.81364e-01
76-1259,3,23.288952,2.970227,0.003637,-8.21447e-01,3.15598e+00
76-1263,3,23.651876,2.970227,0.007552,5.88872e+00,-8.14579e+00
76-1267,3,23.789473,2.970227,0.010389,6.04754e-01,1.29083e+00
76-1268,3,23.153208,2.970227,-0.077206,?,?
76-1270,3,23.353872,2.970227,-0.081046,-1.47193e+00,-5.46875e+00
76-1271,3,23.038656,1.027562,-0.000240,-2.89428e-02,2.24607e-01
76-1273,3,23.209085,1.169996,0.003392,1.28168e-01,2.98693e-02
76-1274,3,23.313974,1.063789,0.000869,-4.27760e-01,3.15028e+00
76-1279,3,23.221359,2.970227,0.008673,?,?
76-1280,3,23.037554,1.791735,-0.091142,?,?
76-1281,3,23.086712,2.970227,-0.055811,5.36271e-01,-6.66309e-01
76-1282,3,22.995739,1.235437,0.008340,-7.67714e-01,-1.97968e-01
76-1284,3,23.555084,2.970227,-0.074232,-8.32234e-01,3.99709e+00
76-1286,3,23.773861,2.970227,-0.059951,-8.47787e-01,5.29977e-01
76-1287,3,23.116709,2.970227,0.005899,5.82252e-01,-1.77760e+00
76-1299,3,23.118862,2.970227,-0.042691,-2.22940e-01,8.84764e-02
76-1300,3,24.104372,2.970227,0.003319,?,?
76-1303,3,23.146585,2.970227,0.002646,2.04863e-01,-9.28321e-01
76-1304,3,24.105928,2.970227,0.003561,-1.74973e+00,-3.12539e+00
76-1305,3,23.223757,2.970227,-0.060909,-3.05849e-02,2.69590e-01
76-1307,3,23.426247,2.970227,0.029861,1.76243e+00,-9.13562e+00
76-1308,3,23.187103,2.970227,-0.044318,-1.07359e-01,2.13007e-01
76-1310,3,24.288132,2.970227,-0.044034,2.83857e-01,-6.32975e-01
76-1311,3,23.017836,2.970227,-0.042139,2.61754e-01,7.58085e-01
76-1312,3,23.116766,2.970227,-0.088921,4.47426e-01,1.07021e-01
76-1313,3,23.314655,2.970227,0.007254,-1.24416e-01,7.09114e+00
76-1319,3,23.087507,2.970227,-0.036379,1.10676e-01,6.20633e-01
76-1327,3,25.759563,2.970227,-0.006722,?,?
77-6,6,15.734502,1.437307,108.463837,1.11980e-01,-1.02010e-01
77-8,6,16.585258,1.436712,28.872049,1.14884e-01,-1.10192e-01
77-10,6,15.180993,1.437731,432.514801,1.47071e-01,-5.89903e-02
77-13,6,15.418237,1.449242,200.456711,1.13843e-01,-8.74770e-02
77-18,6,17.195917,1.423946,7.300255,1.41528e-01,-6.44080e-02
77-21,6,17.083916,1.413077,8.293983,1.19948e-01,-7.12236e-02
77-24,6,17.395643,1.460690,7.302240,1.26216e-01,-7.90421e-02
77-28,6,18.644396,1.457498,0.650582,1.55461e-01,-6.52890e-02
77-30,3,20.982492,1.586581,0.009038,1.56410e-01,1.45708e-02
77-44,6,17.041069,1.424146,15.989027,1.11728e-01,-9.12465e-02
77-46,6,17.449932,1.428520,1.323438,6.41446e-02,-8.59400e-02
77-48,6,16.148104,1.408685,27.367884,9.03483e-02,-4.81112e-02
77-50,6,16.427973,1.403378,12.493977,6.63938e-02,-7.52371e-03
77-52,6,17.351065,1.408482,5.916140,5.63216e-02,-3.01816e-02
77-69,6,15.289743,1.444384,114.393234,8.32137e-02,1.77328e-03
77-74,3,22.879263,2.970213,-0.027181,-1.88451e-01,4.57312e-01
77-76,6,17.513775,1.459457,1.870505,8.56053e-02,-2.14828e-02
77-78,6,17.088774,1.450914,5.721632,7.38345e-02,-2.10054e-02
77-80,6,17.954889,1.379021,1.036429,3.99114e-02,-8.59054e-03
77-82,6,17.982164,1.419147,1.637827,7.50611e-02,1.04997e-02
77-85,6,16.874804,1.414592,11.991301,5.64483e-02,3.61459e-02
77-89,6,16.893154,1.388144,15.612680,4.35312e-02,4.07005e-02
77-92,6,17.401751,1.400032,7.016589,5.24904e-02,5.51219e-02
77-95,6,15.959023,1.417590,40.305698,5.77991e-02,1.70305e-02
77-96,3,20.436352,2.013686,0.024717,1.29399e-02,1.21635e-01
77-98,6,17.496332,1.422051,7.043339,3.14409e-02,8.54959e-03
77-130,6,15.993661,1.364288,114.542366,1.22358e-02,3.11548e-02
77-132,3,24.313520,2.970213,0.003046,?,?
77-135,6,15.197303,1.348468,765.910095,6.14497e-03,5.72652e-02
77-139,6,17.422979,1.319389,21.871748,-1.09682e-02,4.99750e-02
77-143,6,16.015438,1.327037,198.520691,-1.07567e-02,5.35316e-02
77-145,6,19.548157,1.339133,0.447181,2.40482e-03,8.72979e-02
77-147,3,22.531242,27.924026,-0.027478,-5.73830e-01,-5.37753e-02
77-149,3,21.743225,27.924026,-0.045462,-9.84398e-02,-6.15964e-01
77-155,3,24.722773,2.970213,-0.046161,1.48723e-01,3.19721e-01
77-167,6,15.511803,1.336064,569.166870,-4.18160e-03,6.07089e-02
77-185,6,19.961109,1.329061,0.093901,7.06262e-02,-7.48287e-02
77-187,6,17.994936,1.448221,1.419734,1.06676e-01,-9.21433e-02
77-188,6,19.213896,1.455469,0.274483,1.21585e-01,-5.55195e-02
77-190,6,17.404119,1.424365,6.583524,1.15584e-01,-8.48761e-02
77-194,6,19.108957,1.449696,0.169325,1.41336e-01,-1.25321e-01
77-196,6,18.997683,1.429042,0.181746,1.34883e-01,-6.15176e-02
77-201,6,17.866554,1.419155,2.535213,1.09741e-01,-8.43395e-02
77-202,6,18.110859,1.423548,1.044383,1.18084e-01,-4.82975e-02
77-203,6,19.778141,1.401068,0.084862,6.51676e-02,-5.78307e-02
77-204,6,18.998442,1.412759,0.291097,1.06621e-01,-5.70478e-02
77-207,6,19.629519,1.410203,0.279611,1.62618e-01,-1.31651e-02
77-211,6,19.939966,1.513880,0.073170,1.27673e-01,-5.39541e-02
77-214,6,18.389774,1.416963,0.611538,1.16169e-01,-3.40248e-02
77-217,6,16.478136,1.428270,6.094802,9.58750e-02,-4.47651e-02
77-220,6,19.353327,1.450737,0.177841,9.40053e-02,-6.54313e-02
77-223,3,22.503338,2.970213,-0.019997,4.25741e-01,7.89300e-02
77-227,6,17.445005,1.412479,1.465120,8.71262e-02,-1.95831e-02
77-228,3,21.597485,2.066503,-0.022220,1.59204e-01,8.18812e-03
77-229,6,19.329092,1.416521,0.210579,9.11533e-02,-6.55907e-02
77-231,6,19.136482,1.344716,0.252462,1.19733e-01,-5.08322e-02
77-236,6,18.518929,1.414065,0.327115,5.53260e-02,-5.65313e-02
77-237,6,19.573925,1.389656,0.317736,1.08712e-01,-1.95230e-02
77-239,6,16.802019,1.495877,75.105232,1.00810e-01,-2.15675e-02
77-241,6,18.038790,1.425337,0.612250,8.91251e-02,-9.24225e-03
77-245,6,16.610287,1.411553,5.456891,8.30353e-02,1.12219e-02
77-247,6,19.166857,1.441811,0.181056,2.89971e-02,-5.53680e-02
77-248,6,19.651369,1.412097,0.134935,8.40482e-02,7.47837e-03
77-249,6,17.967888,1.416115,0.730589,6.07743e-02,4.23484e-03
77-251,6,19.382904,1.413647,0.067870,8.69295e-02,3.12344e-03
77-252,3,20.420954,3.902933,0.033689,-1.69754e-01,7.15509e-01
77-253,6,19.624701,1.401092,0.098854,9.65931e-02,-1.85872e-02
77-255,6,17.254318,1.441669,11.926191,6.04924e-02,-2.97596e-02
77-256,6,18.663416,1.432917,0.468875,5.31114e-02,7.60614e-03
77-262,6,17.473225,1.415802,2.508142,6.45534e-02,2.01779e-02
77-267,6,17.747433,1.409082,1.243441,4.07578e-02,-1.60567e-03
77-268,6,18.537216,1.409520,0.394584,6.66720e-02,3.66533e-02
77-270,6,17.751036,1.397377,0.970594,5.97620e-02,2.16524e-02
77-278,6,16.513809,1.404702,32.648766,5.27051e-02,4.86522e-02
77-281,6,17.827671,1.392979,3.691427,4.76434e-02,3.39375e-02
77-284,6,18.575773,1.396260,1.698294,2.25695e-02,4.31244e-03
77-291,6,18.383684,1.382997,1.274722,1.86660e-02,2.06797e-02
77-293,6,19.558910,1.419553,0.112019,1.31450e-02,8.62356e-02
77-295,6,18.720846,1.414966,0.442394,5.76454e-02,5.18999e-02
77-296,3,22.627237,7.359805,-0.020744,-2.05071e-01,5.47097e-01
77-301,6,19.261143,1.387177,0.438466,3.73630e-02,5.85951e-02
77-303,6,19.981342,1.307817,0.073749,2.27477e-02,-3.08121e-02
77-306,6,19.461222,1.351382,0.319452,2.35897e-02,7.15690e-02
77-308,6,19.918163,1.372950,0.238018,6.21941e-03,4.72613e-02
77-310,6,17.628386,1.329909,15.020931,-6.78501e-03,7.47687e-02
77-311,6,19.494558,1.374455,0.901729,-1.98446e-02,9.06312e-02
77-314,6,16.744755,1.344165,79.524384,-4.55052e-03,6.31253e-02
77-315,6,19.049324,1.392795,0.831478,3.59404e-03,9.01735e-02
77-316,6,18.158552,1.337647,6.029984,3.45251e-03,6.18180e-02
77-319,3,22.366625,1.684767,-0.033417,-1.75237e-01,-3.49977e-01
77-320,6,19.564947,1.301476,0.198191,1.67471e-02,7.21487e-02
77-321,6,19.798925,1.310760,0.155708,-3.23555e-02,4.58272e-02
77-322,6,18.570448,1.389634,1.246574,6.32097e-03,5.81213e-02
77-330,6,19.892345,1.380120,0.204145,5.86296e-02,-7.89137e-02
77-334,3,20.038733,3.517155,0.027483,1.14620e-01,-9.64835e-02
77-335,3,21.128948,1.833491,0.008916,-1.08484e-01,1.39723e-01
77-336,6,19.916050,1.488774,0.195180,7.27177e-02,-8.33370e-02
77-337,6,19.880344,1.402696,0.056185,1.82548e-01,-6.99816e-02
77-338,3,20.079559,2.388418,0.031465,6.93985e-02,1.52410e-01
77-344,3,20.504797,2.700964,0.239327,7.56514e-02,-3.38852e-02
77-345,3,20.153988,2.280952,0.112517,1.07973e-01,-1.32176e-02
77-347,6,19.974665,1.374784,0.101258,7.10281e-02,2.78095e-02
77-352,6,19.966612,1.468694,0.088649,1.07024e-01,-1.75183e-02
77-354,6,19.847937,1.386259,0.095343,7.31539e-02,4.44908e-03
77-358,6,19.536240,1.421037,0.161361,6.90004e-02,-4.18304e-02
77-362,6,19.571161,1.386092,0.399804,-6.73892e-03,-2.31837e-02
77-365,3,23.711685,2.970213,-0.000030,8.27279e-01,5.10102e-01
77-367,6,19.920334,1.440151,0.125035,2.33381e-02,-8.11797e-02
77-370,6,19.898630,1.356586,0.201958,-4.03077e-02,-2.01891e-02
77-371,3,22.831861,2.970213,-0.046005,6.75190e-01,4.31700e-01
77-377,3,20.237873,2.828507,0.022446,4.79075e-02,-2.05717e-01
77-383,6,19.799191,1.494277,0.174116,-3.51547e-02,5.46959e-02
77-385,6,19.629927,1.404106,0.645005,-3.54537e-02,7.71518e-02
77-386,6,19.694561,1.332124,0.494958,3.94877e-02,7.72965e-02
77-387,6,19.599619,1.382747,0.262998,4.19857e-02,4.36648e-02
77-396,3,20.445585,2.121556,-0.008198,7.35031e-02,8.18848e-03
77-401,3,22.555483,2.970213,-0.032548,2.46131e-02,-6.50653e-01
77-410,3,20.493099,2.149282,-0.000608,6.26564e-02,-7.66595e-03
77-431,3,21.098059,2.862214,-0.015071,-3.12128e-01,-2.97438e-01
77-432,3,22.519066,1.257305,0.015199,3.85540e-01,1.83321e-01
77-436,3,22.527979,2.970213,-0.045024,1.46070e-01,-7.33874e-02
77-443,3,21.895782,2.970213,-0.019260,-2.29370e-02,1.00584e-01
77-444,3,24.765890,2.970213,0.007055,?,?
77-445,3,20.700191,3.457084,0.027459,9.98284e-02,-4.21113e-01
77-446,3,21.126854,5.470114,0.056248,1.77182e-01,7.53995e-01
77-448,3,21.205786,4.229355,-0.007794,1.45025e-01,-7.66311e-02
77-450,3,21.903175,2.970213,-0.039750,1.01501e-01,-3.95943e-01
77-451,3,21.783617,2.795286,-0.041707,4.68369e-01,-1.46398e-01
77-456,3,21.311750,2.096465,-0.047234,2.80373e-02,4.10450e-01
77-457,3,21.529436,3.187845,-0.020521,4.50044e-01,-3.32629e-01
77-458,3,20.595718,2.593117,-0.000210,6.39858e-03,1.04256e-02
77-461,3,22.602041,1.314462,0.007922,1.18029e-01,2.32523e-02
77-462,3,23.171017,1.198779,0.007655,-6.53047e-01,4.96709e-01
77-467,3,20.302597,2.739865,0.078872,3.75391e-01,-2.94611e-01
77-469,3,21.271996,2.187186,-0.032811,1.25880e-01,1.15149e-01
77-471,3,20.911209,2.296443,0.009139,2.68580e-01,-1.05403e-01
77-473,3,20.435909,1.670350,-0.011984,5.18702e-02,-8.69588e-02
77-476,3,21.366554,3.588544,-0.019510,2.26759e-01,2.51447e-01
77-480,3,21.169582,2.443837,-0.005558,-2.90674e-01,4.16686e-01
77-482,3,20.893177,1.613456,-0.018808,1.14713e-01,9.53263e-02
77-488,3,20.744747,1.948013,0.001531,-1.59425e-01,1.36037e-01
77-489,3,21.422091,2.239654,-0.062825,1.96828e-01,2.73456e-01
77-490,3,20.822170,4.527874,-0.012704,2.87864e-02,-8.27873e-04
77-492,3,22.402073,2.970213,-0.050867,9.18144e-02,2.66077e-01
77-493,3,21.811378,1.788375,-0.063199,-3.02697e-01,1.10071e-01
77-499,3,22.312740,1.704031,0.012672,1.69346e-01,-6.12957e-02
77-504,3,20.421850,2.531146,0.013852,2.42617e-01,-1.87350e-01
77-512,3,21.978748,2.889669,-0.043607,1.20232e-01,-2.55242e-01
77-515,3,21.134319,2.382161,0.003247,4.34907e-01,-4.08418e-02
77-517,3,21.792337,1.545857,-0.034288,-8.78987e-02,-2.11751e-01
77-521,3,21.185335,3.094073,0.009954,1.78242e-01,-1.43592e-01
77-522,3,22.836458,2.970213,0.017908,-9.78222e-01,6.90195e-02
77-523,3,21.937515,2.970213,-0.043252,-4.63425e-03,-3.99699e-01
77-527,3,24.321266,2.970213,0.002619,-2.81380e-01,1.52744e+00
77-528,3,21.766737,2.783578,0.006079,3.84388e-01,3.82647e-01
77-529,3,21.422737,1.746151,-0.045019,2.57073e-01,6.35685e-02
77-530,3,21.697828,2.225737,-0.048319,5.04409e-02,3.95916e-01
77-531,3,20.889587,2.206790,0.009482,1.26404e-01,1.02233e-01
77-533,3,22.779869,1.470287,0.005665,1.82819e-02,-3.70188e-01
77-534,3,22.336277,1.982624,-0.087595,4.74305e-01,-6.67788e-02
77-535,3,22.639154,1.600739,0.012796,3.30684e-01,3.89525e-01
77-536,3,22.029186,2.694050,-0.020438,1.63058e-01,-4.92444e-02
77-537,3,21.819391,1.527549,-0.053746,-8.32708e-02,3.58749e-03
77-538,3,22.608603,2.970213,-0.029708,-2.04933e-01,4.11618e-01
77-540,3,21.926170,2.036045,-0.030163,-1.70118e-01,8.41282e-02
77-542,3,22.517143,1.795079,0.004010,2.20560e-02,1.69911e-01
77-546,3,21.598768,7.359805,-0.024809,1.33469e-01,3.00817e-01
77-551,3,21.493914,1.668322,-0.019888,-7.06058e-03,-9.19716e-02
77-554,3,22.993641,2.970213,-0.084696,-1.78727e-01,-4.87963e-01
77-555,3,23.238441,2.970213,0.004602,-1.48587e+01,-2.75097e-01
77-557,3,21.563019,1.657140,-0.029604,2.04122e-01,-9.11389e-02
77-559,3,23.357208,0.999171,0.003927,7.83163e-01,-2.99672e-01
77-561,3,22.587660,2.970213,-0.039281,-4.04643e-01,-3.23966e-01
77-564,3,22.214460,2.092044,-0.043656,-1.75056e-01,-4.71030e-01
77-565,3,23.342157,11.307230,-0.072469,-2.43242e+00,-3.37624e+00
77-566,3,21.359205,1.880288,-0.024554,-1.16552e-01,2.00573e-01
77-567,3,22.135408,1.867312,-0.047311,5.20379e-01,9.12873e-02
77-568,3,23.017403,2.970213,-0.049034,-1.61601e-01,1.13024e-02
77-571,3,22.093367,3.753672,-0.034221,-9.91808e-03,-4.60590e-01
77-573,3,21.626431,1.855464,-0.047286,5.20632e-01,1.59505e-01
77-576,3,21.208267,2.801358,-0.005858,8.26569e-02,3.32296e-02
77-577,3,22.139915,2.316620,-0.072886,6.40039e-02,4.85964e-01
77-579,3,21.404362,1.691759,-0.043044,-1.75584e-02,-4.20384e-02
77-580,3,21.612644,2.514807,-0.030874,-4.28146e-02,-2.63936e-01
77-581,3,22.808994,2.970213,-0.076329,2.56355e-01,-5.50127e-01
77-582,3,21.701040,1.782400,-0.019324,-7.11684e-02,-5.63714e-01
77-590,3,22.183685,11.307230,-0.019065,9.70791e-02,2.71563e-01
77-595,3,20.879749,2.526275,-0.006804,2.44679e-01,1.31719e-01
77-599,3,20.760248,1.941575,-0.011315,-1.09099e-01,-7.31025e-02
77-600,3,22.506413,1.623834,-0.028059,-1.46625e-01,3.75110e-01
77-602,3,22.308266,1.957690,-0.056083,-3.02308e-02,1.16565e-02
77-603,3,20.970755,1.771839,-0.043883,-4.35115e-02,-1.70563e-01
77-605,3,22.329409,2.970213,-0.051042,4.60975e-01,4.82569e-01
77-607,3,22.538670,2.970213,0.006537,1.59883e-01,1.11871e-02
77-609,3,22.644779,2.970213,-0.058877,-6.37189e-01,-6.39631e-01
77-610,3,21.983208,2.475276,-0.040656,-4.29312e-01,2.69218e-01
77-611,3,21.435743,2.970213,-0.037892,-3.78329e-02,1.69288e-01
77-612,3,22.832695,2.970213,0.008959,-4.97524e-01,3.75082e-01
77-614,3,21.491886,3.077125,0.005579,1.98052e-01,-1.46888e-02
77-615,3,21.566706,2.759475,0.000411,3.80362e-01,-1.21096e-01
77-616,3,21.198591,1.923555,-0.037421,-1.43912e-01,-3.23181e-01
77-618,3,22.266325,2.970213,-0.035831,2.75929e-01,3.85995e-01
77-619,3,21.481668,3.059710,-0.023094,4.62665e-01,4.98717e-01
77-620,3,23.321461,2.970213,0.009501,1.83800e+00,6.86489e-01
77-621,3,22.748505,2.970213,0.011515,?,?
77-623,3,22.520784,1.755854,-0.032536,6.31264e-02,-7.92887e-01
77-624,3,22.629097,1.493466,-0.055174,-5.74522e-01,-2.55266e-01
77-633,3,21.378759,2.474867,-0.023389,9.67847e-02,-6.08688e-02
77-634,3,21.782118,1.968909,-0.040860,-9.94477e-03,-1.01983e-01
77-640,3,21.667534,2.253044,-0.014443,1.60199e-01,-8.97128e-02
77-642,3,22.519249,2.970213,0.023137,5.48846e-01,1.44537e-01
77-645,3,21.222071,7.359805,-0.034512,9.06870e-02,2.61460e-01
77-646,3,23.144758,1.943898,-0.057717,1.08899e-02,1.48754e-04
77-648,3,21.702297,2.780658,-0.015519,3.35015e-01,4.15729e-02
77-649,3,21.504999,2.864686,-0.004595,1.98074e-01,9.89849e-03
77-650,3,21.213770,2.539675,0.002786,-1.50636e-01,-3.45009e-02
77-653,3,22.458828,1.119466,0.002586,-3.84389e-01,1.39079e-01
77-656,3,21.949968,2.164884,-0.064191,-4.49255e-01,-3.27421e-01
77-657,3,22.868074,2.970213,-0.068656,2.37178e-01,1.07456e+00
77-658,3,20.922514,2.045015,-0.031671,2.34148e-03,-1.91633e-01
77-659,3,22.836721,2.970213,0.014095,4.37098e-01,-1.79089e-01
77-660,3,21.939253,2.599246,-0.048765,-3.51524e-01,2.80240e-01
77-661,3,22.263527,2.382326,-0.033928,2.82532e-01,-1.99349e-01
77-662,3,22.158482,2.138376,-0.098234,-7.15183e-02,1.51803e-01
77-664,3,21.966454,1.663919,-0.039037,2.35074e-01,2.59811e-01
77-665,3,20.931425,2.266869,-0.027863,9.85925e-02,-9.84518e-02
77-672,3,22.249409,1.438998,0.009326,-1.81570e-01,-2.43069e-01
77-673,3,22.453960,2.303643,-0.016211,9.66821e+00,-5.01455e+00
77-674,3,21.427744,1.939493,-0.098858,3.10054e-01,-1.00573e-01
77-675,3,22.053446,1.923964,-0.028395,1.30045e-01,4.47888e-02
77-677,3,21.157431,2.802856,-0.020582,-6.13364e-02,-4.21699e-01
77-680,3,22.187328,2.970213,-0.030746,2.72741e-01,6.15128e-01
77-681,3,21.497122,11.307230,-0.053600,4.35171e-01,1.33642e-01
77-683,3,21.420221,2.103581,-0.017822,1.51963e-01,2.15790e-01
77-684,3,20.710417,1.860264,-0.005298,-4.48794e-02,-1.16603e-01
77-686,3,22.111462,2.970213,-0.028373,6.52085e-01,1.64181e-01
77-688,3,22.140961,1.321980,0.018137,-3.07732e-01,1.62945e-02
77-689,3,23.241001,2.970213,-0.071193,1.69491e+00,-1.08708e+00
77-691,3,23.696571,2.970213,-0.023474,1.62686e+00,1.92512e-01
77-693,3,21.145294,2.354491,-0.029965,2.13634e-01,3.00686e-02
77-695,3,22.716063,2.970213,-0.059874,-3.00193e-01,1.00517e-01
77-696,3,20.827841,2.679694,0.058251,-1.11456e-01,-5.91851e-01
77-698,3,21.468737,2.065839,-0.053050,5.20763e-01,1.79543e-01
77-699,3,20.485544,1.832863,-0.005945,-2.32002e-01,-1.24441e-01
77-700,3,21.865667,1.532113,-0.050478,2.56670e-01,1.73106e-01
77-704,3,22.144781,1.854235,-0.042874,4.69103e-01,-1.07333e-01
77-707,3,21.224901,2.218052,-0.024014,6.77409e-02,-9.30153e-04
77-709,3,22.546133,2.124308,-0.052374,4.49603e-01,-1.62194e-01
77-711,3,22.635540,1.400909,0.016101,-8.71930e-02,1.61994e-01
77-712,3,21.243576,1.729006,-0.078574,-8.53905e-03,7.12435e-02
77-713,3,22.164196,2.559548,-0.038918,1.91719e-01,-2.20080e-01
77-714,3,22.220163,1.865104,0.020039,-4.85426e-02,4.71504e-02
77-715,3,20.959871,2.377165,-0.019211,3.59010e-02,3.99377e-01
77-719,3,22.132896,1.768251,-0.045786,-1.44484e-01,1.80989e-01
77-720,3,21.683008,2.062950,-0.049021,-1.27601e-01,5.44291e-02
77-721,3,21.789064,3.455173,-0.041492,2.81915e-01,6.63592e-02
77-723,3,22.032145,2.970213,-0.046950,-7.45606e-02,-5.04191e-02
77-724,3,20.935930,2.513815,-0.051356,5.07022e-02,-3.25813e-02
77-725,3,22.172655,1.466238,-0.048355,1.16316e-01,2.14920e-01
77-731,3,20.969889,3.322255,0.026444,2.08752e-01,1.21061e-01
77-732,3,22.572704,2.970213,0.018128,5.23510e-01,-5.47966e-01
77-734,3,22.028902,2.170988,-0.058162,7.60496e-02,-2.67425e-01
77-738,3,22.169209,1.627548,-0.075568,2.54083e-01,-7.17644e-02
77-739,3,21.683168,2.357218,-0.053907,-2.14585e-01,-3.95528e-02
77-740,3,21.366972,2.432088,0.009445,-2.46322e-01,2.68115e-01
77-748,3,21.743820,7.359805,-0.015187,8.63663e-02,-5.61063e-02
77-750,3,22.266953,2.970213,-0.032661,-4.12443e-01,1.75950e-01
77-755,3,20.928486,2.539025,-0.018904,2.30715e-02,-3.94158e-02
77-756,3,22.349083,1.841448,0.019003,-1.38651e-01,-3.90090e-03
77-757,3,22.576824,1.446460,0.020934,-1.57384e-02,1.93990e-01
77-758,3,21.330652,2.554655,-0.004106,4.20230e-01,2.93246e-01
77-759,3,21.155754,2.002920,0.001411,5.14407e-02,1.79613e-01
77-760,3,22.075289,2.158876,-0.038431,-2.43349e-01,1.05383e-01
77-762,3,21.496080,3.880945,0.005822,-9.22977e-02,-9.58598e-02
77-764,3,22.273355,1.493092,0.016916,-1.20066e-01,1.05370e-01
77-765,3,22.116264,2.970213,0.020482,-2.44369e-01,-2.51432e-01
77-766,3,21.836458,2.970213,-0.022111,2.00754e-01,-7.26246e-01
77-768,3,22.224121,1.299022,-0.074910,3.70077e-01,2.80087e-01
77-770,3,22.754393,4.584505,-0.030748,6.45064e-01,-3.24746e-01
77-771,3,24.002806,2.970213,-0.060342,-2.04139e-01,-6.20103e-01
77-773,3,22.552921,2.970213,-0.038221,4.17049e-01,-5.52620e-01
77-775,3,22.585386,18.020842,-0.025010,3.74093e-01,4.42828e-01
77-776,3,22.738070,2.970213,-0.020974,4.35790e-02,1.18577e+00
77-777,3,22.139381,2.187743,-0.040039,-2.22903e-01,6.13862e-02
77-779,3,21.150087,3.343402,-0.013962,3.76486e-01,-5.53820e-02
77-782,3,21.904804,2.970213,-0.005133,4.04903e-01,-2.95722e-01
77-785,3,21.559811,2.959466,-0.023838,1.94926e-01,7.66316e-02
77-788,3,21.843439,2.564681,-0.026559,-1.04000e-01,2.09528e-01
77-791,3,22.755947,2.970213,-0.048540,-7.73514e-03,9.18207e-02
77-792,3,21.827389,2.566003,-0.046879,-2.19108e-01,1.14906e-01
77-795,3,22.439196,7.359805,-0.034136,-3.24739e-01,-2.58197e-01
77-796,3,23.142584,0.085260,-0.030378,3.88244e-01,8.39693e-01
77-798,3,21.252594,1.888793,-0.017912,6.24036e-03,5.91271e-02
77-801,3,22.329178,2.970213,-0.030620,1.99643e-02,5.05598e-01
77-802,3,21.627367,1.609982,-0.055059,-7.35632e-02,1.62881e-02
77-809,3,22.617960,1.787915,-0.039510,-4.06587e-01,2.13906e-01
77-811,3,22.676865,2.970213,0.003636,-1.59421e-01,-1.60124e-01
77-813,3,20.625286,2.466128,0.011291,1.16122e-01,-2.82559e-01
77-815,3,22.508703,2.970213,-0.033887,2.90036e-01,2.67219e-01
77-816,3,23.611954,2.970213,0.004409,-1.75707e-01,-8.26153e-01
77-819,3,22.274305,1.931097,-0.054947,-2.47821e-02,-6.70528e-01
77-820,3,21.657393,1.226428,0.026067,2.51617e-01,8.86950e-02
77-821,3,22.503574,1.243002,0.000843,-2.89269e-01,1.83503e-01
77-823,3,22.719145,2.970213,0.012100,-1.85847e+00,-3.30642e+00
77-824,3,21.523586,2.408280,-0.058812,1.46568e-01,-1.60511e-03
77-827,3,22.398657,2.970213,-0.034508,-4.49662e-01,7.56100e-02
77-831,3,21.508270,3.375008,-0.043101,2.03467e-01,7.37259e-02
77-837,3,20.775404,2.516622,0.058367,-7.56002e-03,1.42117e-01
77-838,3,22.360027,7.359805,-0.046272,8.46733e-02,2.24631e-01
77-841,3,22.320749,1.678572,-0.048312,-1.77648e-01,-5.61632e-02
77-842,3,21.486376,2.372783,-0.022047,-2.74360e-01,3.12723e-02
77-844,3,21.384304,1.852566,-0.052755,1.51391e-01,1.40786e-03
77-845,3,22.508530,1.488562,0.002467,4.73991e-01,-1.17458e-01
77-848,3,22.174330,2.970213,-0.041213,-1.22369e-01,-3.22416e-01
77-852,3,22.135651,1.549663,-0.058382,-1.71460e-02,5.86627e-02
77-853,3,22.363409,2.410928,-0.051689,-5.17555e-02,-1.03805e-01
77-854,3,21.952816,2.619342,-0.048341,1.85869e-01,5.69908e-01
77-855,3,21.524462,2.073072,-0.022958,1.61428e-01,3.39547e-01
77-856,3,21.933273,2.085950,-0.048994,1.03293e-01,-3.42236e-01
77-857,3,22.059532,1.910683,-0.043588,-1.64026e-01,-1.01765e-01
77-868,3,21.761301,3.162788,-0.051742,-1.56171e-02,-5.55407e-01
77-871,3,20.719009,2.128352,-0.017174,-6.24174e-03,1.06681e-01
77-872,3,22.031303,2.215641,-0.049664,-3.08024e-01,-3.74527e-01
77-875,3,22.548899,2.970213,-0.057494,2.91837e-01,3.03718e-02
77-876,3,22.516899,2.970213,-0.093754,2.51531e-01,3.10510e-01
77-877,3,22.292244,2.089960,-0.055294,1.80154e-01,4.94260e-01
77-880,3,20.831663,2.122171,-0.018034,2.49524e-02,-2.08990e-01
77-881,3,21.673296,2.807323,0.027768,-6.28594e-01,5.15533e-01
77-882,3,22.135830,2.002642,-0.057561,2.33341e-01,1.53262e-02
77-883,3,22.031055,1.455110,-0.032818,3.61635e-01,2.37469e-01
77-884,3,22.297764,2.970213,-0.053348,2.16751e-01,-7.26141e-01
77-886,3,24.102177,2.970213,0.010766,2.17841e+01,-2.99943e+01
77-888,3,22.674717,1.983456,-0.038572,-1.60402e-01,-6.47983e-02
77-895,3,21.950891,1.541271,-0.045462,1.05680e-01,1.59490e-01
77-896,3,20.669432,2.561865,0.089269,-2.14076e-01,-2.12651e-02
77-897,3,22.121002,2.970213,-0.049048,5.96080e-02,5.35847e-02
77-898,3,22.375542,2.970213,0.016458,3.88597e-01,1.07819e-01
77-902,3,23.089476,2.970213,-0.045771,2.85501e-01,-3.39613e+00
77-904,3,21.199621,1.799057,-0.039277,1.64662e-01,4.32191e-02
77-906,3,22.826532,2.970213,-0.055525,4.40876e-01,1.29487e-01
77-907,3,22.881781,2.970213,-0.045876,-1.61259e-01,2.93981e-01
77-909,3,22.517521,2.970213,-0.046583,4.89643e-01,-3.21264e-01
77-910,3,23.730824,2.970213,0.003676,-1.52426e+00,5.60779e-01
77-912,3,23.315544,2.970213,-0.055596,-5.77576e-01,-6.63100e-01
77-913,3,22.030344,3.045317,-0.032581,-1.91688e-01,1.88294e-01
77-914,3,22.343231,2.970213,-0.049179,7.05403e-02,5.92939e-01
77-926,3,22.545719,2.970213,-0.059584,6.08770e-01,-3.25258e-01
77-931,3,22.432510,2.970213,-0.023018,4.31662e-01,4.13155e-02
77-933,3,22.441803,1.801636,-0.044685,-3.61129e-01,1.79211e-01
77-935,3,22.455893,2.100490,-0.065740,1.62937e-02,2.54767e-01
77-936,3,22.823269,2.970213,-0.061504,-2.76090e-01,-4.98891e-01
77-937,3,22.743624,2.970213,-0.048729,4.27176e-01,-6.04379e-01
77-945,3,22.718723,2.970213,0.011032,-5.44403e-01,-1.01565e-01
77-950,3,22.337229,2.970213,-0.028780,2.42633e-01,2.77735e-01
77-951,3,23.308277,2.970213,-0.050557,5.90604e-01,-1.93983e-01
77-953,3,22.771074,2.970213,-0.043823,4.47771e-01,-3.92326e-01
77-954,3,22.694170,2.970213,-0.010195,-1.82981e-01,-7.48032e-01
77-955,3,22.584923,2.970213,-0.027497,5.18822e-01,3.47229e-01
77-957,3,22.730928,2.970213,-0.044685,?,?
77-959,3,22.490326,1.590195,0.010942,-7.28288e-02,-1.99124e-02
77-960,3,23.054688,2.970213,-0.039094,-4.83081e-01,7.57850e-01
77-961,3,22.744743,7.359805,0.010862,1.60864e-01,3.43435e-01
77-964,3,22.422941,1.707007,0.018583,-3.37037e-01,1.42700e-01
77-965,3,22.628679,1.503926,0.005306,1.50555e-01,-2.17773e-01
77-967,3,22.601030,1.327400,0.014608,2.09945e-01,-6.76266e-01
77-969,3,22.193365,1.340616,0.026412,-1.33824e-01,-2.00189e-01
77-970,3,22.703466,1.248714,-0.055759,-6.36430e-01,1.05910e-01
77-971,3,22.682076,2.970213,-0.081160,8.34480e-01,3.09332e-01
77-972,3,22.596323,2.970213,-0.088989,1.44050e-01,-7.60501e-01
77-974,3,22.586758,1.576966,-0.049425,8.32228e-01,-3.06360e-01
77-975,3,22.679661,2.970213,-0.033570,-1.85888e-01,-3.85826e-01
77-977,3,22.805099,2.970213,0.009059,1.25528e-01,-1.43526e-01
77-980,3,22.464802,1.813312,0.014918,2.30833e-01,5.01267e-02
77-982,3,22.504868,1.780890,-0.097665,-4.10499e-01,2.13485e-01
77-985,3,22.369877,1.592512,-0.066170,4.25589e-01,9.19937e-02
77-986,3,22.765226,2.970213,0.008231,3.05626e-01,-2.97178e-02
77-988,3,22.753927,2.970213,-0.045613,4.03919e-01,7.49925e-03
77-989,3,22.121933,1.896680,-0.050980,-3.51721e-01,-1.48013e-02
77-990,3,21.551857,1.610486,-0.017834,-1.28258e-01,1.30797e-01
77-992,3,22.644749,2.970213,0.017095,-1.77570e-01,4.74560e-01
77-993,3,22.758663,1.276466,-0.060811,-2.25238e-01,7.86258e-01
77-998,3,22.701031,1.704508,-0.061378,2.79600e-02,4.27858e-01
77-1001,3,22.831190,2.970213,0.006126,-3.71807e-01,3.42859e-01
77-1003,3,22.619257,1.342372,0.011170,3.29749e-01,-1.20834e-01
77-1004,3,22.728479,2.970213,-0.033881,-7.59564e-02,-3.46420e-01
77-1005,3,22.797377,2.970213,0.001143,-1.73006e-01,4.40428e-01
77-1008,3,22.700523,2.970213,-0.034421,2.07228e-01,3.81683e-02
77-1011,3,22.548584,1.352882,0.003969,-3.16608e-01,1.15031e-01
77-1015,3,22.643011,2.970213,0.012107,-6.78044e-01,-3.02411e-01
77-1016,3,22.880663,1.263804,0.002869,-1.40422e+01,1.97359e+01
77-1020,3,22.743095,2.970213,-0.079337,2.26590e-01,2.21264e-01
77-1021,3,22.714106,1.620841,-0.071940,-3.64572e-01,-3.07388e-01
77-1022,3,22.870989,2.970213,0.009043,-4.72988e-01,-7.16279e-01
77-1023,3,22.864513,2.970213,-0.047291,2.09703e-01,6.77429e-01
77-1024,3,22.724691,2.970213,0.012515,-5.80445e-03,-7.59405e-02
77-1025,3,22.768450,2.970213,0.008758,-9.99837e-01,-1.02461e-02
77-1026,3,22.558140,1.244531,0.013374,4.64153e-01,1.03248e-01
77-1028,3,22.723219,2.970213,-0.051818,-7.34826e-01,-3.71365e-01
77-1029,3,22.781063,2.970213,-0.020430,-2.98633e-01,-4.24252e-02
77-1034,3,22.468357,1.126644,0.009308,-2.93272e-01,1.63931e-01
77-1035,3,22.837841,2.970213,0.015158,-1.57411e-01,6.70393e-01
77-1036,3,22.807468,2.970213,0.007664,-1.71312e-01,5.27291e-01
77-1038,3,22.870804,2.970213,-0.048444,-6.49811e-01,-2.85515e-01
77-1041,3,22.378183,1.355261,0.000234,3.19465e-01,3.06180e-01
77-1043,3,22.038389,1.801539,-0.041149,6.01904e-01,-7.37700e-02
77-1044,3,22.480879,2.970213,0.024732,6.91473e-02,-2.73801e-01
77-1049,3,22.770813,11.307230,-0.055994,-7.38812e-02,6.49970e-01
77-1051,3,22.838140,2.970213,-0.058624,-6.97462e-01,-3.59680e-01
77-1053,3,22.509209,1.492153,-0.065773,2.03879e-01,4.16416e-01
77-1055,3,22.604483,1.910554,-0.028546,-3.31259e-01,-7.48211e-01
77-1056,3,22.033607,2.970213,-0.090490,1.69108e-02,1.73249e-01
77-1057,3,22.623743,2.970213,0.015132,2.28112e-01,5.99576e-01
77-1058,3,22.560812,1.833959,-0.053931,2.83857e-01,-1.90837e-01
77-1059,3,22.654100,1.832941,-0.032943,1.68831e-01,-4.16652e-01
77-1073,3,22.843346,2.970213,-0.030345,4.13864e-01,6.70898e-01
77-1074,3,22.059679,11.307230,-0.036086,1.67357e-01,-2.09678e-02
77-1075,3,22.629145,2.970213,0.018125,1.81024e-01,-1.36721e-01
77-1076,3,22.700607,1.813945,-0.076212,-1.91680e-01,-5.23975e-01
77-1077,3,22.567377,1.958130,-0.072351,4.69851e-01,2.68450e-01
77-1078,3,23.197472,11.307230,-0.039156,-8.36204e-02,-1.77322e+00
77-1080,3,22.533310,2.970213,-0.048180,4.51489e-02,-7.69462e-01
77-1081,3,22.827993,2.970213,0.016869,4.88370e-01,-5.46054e-01
77-1083,3,22.558311,2.970213,-0.071225,4.42567e-01,5.21734e-01
77-1084,3,22.559929,2.970213,-0.019734,-2.96394e-01,7.10882e-02
77-1085,3,22.458326,2.970213,0.016891,9.51530e-02,-1.66410e-01
77-1087,3,22.577793,2.970213,-0.041903,-5.63956e-01,-1.72264e+00
77-1088,3,22.819439,2.970213,0.041128,3.65942e-01,-2.70626e-01
77-1089,3,22.388741,1.990980,-0.071870,-3.01200e-01,2.92027e-01
77-1090,3,22.669928,1.341965,-0.110031,5.93819e-01,4.85573e-01
77-1091,3,21.883762,1.508426,-0.081441,1.61473e-01,-8.77404e-02
77-1094,3,21.918970,2.876516,-0.050530,8.55533e-02,-2.84262e-01
77-1095,3,22.307064,2.970213,-0.057358,3.22998e-01,7.85636e-04
77-1096,3,22.105003,1.236792,0.018295,6.94074e-02,-1.13224e-01
77-1097,3,22.170101,2.072263,-0.019771,-1.95011e-01,4.35952e-01
77-1098,3,22.818386,2.970213,-0.042531,-6.85005e-01,-1.30711e-01
77-1101,3,23.440937,2.970213,-0.033016,1.13512e+00,-3.29761e+00
77-1104,3,22.645470,2.970213,-0.030119,-9.43793e-02,5.55365e-01
77-1105,3,22.575157,2.970213,-0.043504,5.28941e-01,-3.14925e-02
77-1108,3,22.730577,2.970213,-0.039274,5.51070e-01,1.43455e-02
77-1109,3,22.613258,2.970213,0.008349,-1.62721e-01,-2.49531e-01
77-1113,3,22.819157,2.970213,-0.041846,-7.89769e-01,2.75251e-01
77-1116,3,21.824881,1.741672,-0.033450,-1.99013e-01,-1.66653e-01
77-1119,3,22.238768,2.970213,-0.037777,-3.47941e-01,2.73919e-01
77-1121,3,22.041256,2.529315,0.002270,3.86137e-01,1.71293e-01
77-1123,3,22.712671,2.970213,-0.039759,2.47051e-01,-1.81732e-02
77-1125,3,22.473816,7.359805,-0.021178,1.37465e-01,-1.83919e-01
77-1126,3,22.705273,1.208837,0.003826,1.38746e-02,4.48822e-01
77-1129,3,21.950453,2.970213,-0.022024,3.85378e-01,2.48444e-01
77-1130,3,22.920565,1.015834,0.004537,-2.25561e+00,-4.09198e-01
77-1131,3,23.774273,2.970213,-0.083332,-1.90185e-01,-1.41450e+00
77-1134,3,22.231125,1.585473,0.014130,4.16299e-02,-1.29392e-01
77-1135,3,22.709846,1.284740,0.008288,3.79007e-02,-2.41012e-01
77-1140,3,22.380922,2.970213,-0.044735,1.70739e-01,4.46609e-01
77-1142,3,22.628128,2.970213,-0.055477,2.87543e-01,-2.02793e-01
77-1145,3,22.533850,2.970213,-0.067680,3.38997e-01,1.26765e-01
77-1146,3,22.797407,2.970213,-0.015684,-4.53972e-01,-8.80000e-02
77-1148,3,22.437922,2.970213,-0.090266,-1.66919e-01,-6.18889e-01
77-1149,3,22.736382,2.970213,-0.047689,4.74545e-02,4.62397e-01
77-1152,3,22.765970,1.620822,-0.021744,5.07411e-01,-3.29506e+00
77-1153,3,22.814108,2.970213,0.007518,3.92512e-01,-7.59888e-02
77-1156,3,22.526674,1.737095,-0.053135,2.28189e-01,4.26746e-01
77-1157,3,22.579142,2.970213,-0.025123,5.53827e-01,-1.84025e-01
77-1158,3,22.833939,1.753604,0.005674,1.61455e-02,-3.70281e-01
77-1159,3,22.522629,2.970213,-0.053126,3.81718e-02,-7.41022e-01
77-1160,3,22.675127,1.699038,-0.037357,-1.00587e-01,2.72226e-01
77-1161,3,22.542582,2.970213,0.007845,4.54559e-02,9.92187e-02
77-1162,3,22.754208,1.274550,0.017345,7.19890e-01,2.05856e+00
77-1163,3,22.543844,1.758240,0.013756,-3.25459e-01,1.45037e-01
77-1164,3,22.886456,1.256791,0.008761,-1.95375e-01,1.13441e-01
77-1167,3,22.408894,1.791636,-0.034265,-3.39651e-01,2.23349e-02
77-1171,3,24.533569,2.970213,0.018289,5.54379e+00,-2.60769e+00
77-1172,3,22.892361,2.970213,0.015447,2.86185e-01,5.36222e-01
77-1173,3,22.569565,2.970213,-0.056118,7.03450e-01,6.56422e-01
77-1175,3,22.832750,2.970213,-0.061561,-6.03693e-01,8.06194e-02
77-1177,3,22.448572,2.970213,-0.070636,-3.73153e-01,3.61688e-01
77-1178,3,22.458065,2.970213,0.005034,6.96683e-02,-9.11801e-02
77-1179,3,22.299103,1.341869,0.012078,-6.33921e-03,2.82067e-01
77-1180,3,23.434156,2.970213,-0.077239,4.16726e-01,2.21502e-01
77-1181,3,22.404558,2.970213,-0.073990,-3.92769e-01,7.32661e-01
77-1183,3,22.680099,2.970213,-0.061873,-4.33243e-02,6.51986e-01
77-1185,3,22.806873,2.970213,0.007108,-6.49419e-02,-5.30940e-01
77-1187,3,22.822720,2.970213,0.022372,-5.40228e-01,-4.91158e-01
77-1189,3,22.290855,1.792645,-0.046755,-3.89322e-03,3.67034e-01
77-1194,3,22.230410,2.970213,-0.031062,-3.19062e-01,2.83989e-03
77-1195,3,22.119526,1.086295,0.006897,-4.99127e-02,-7.87757e-02
77-1196,3,21.741554,1.671381,-0.030221,-2.88245e-01,-5.05629e-02
77-1197,3,22.582983,2.970213,0.018602,-7.27343e-02,-2.56974e-01
77-1198,3,22.799761,2.970213,0.006883,-3.28171e-02,-3.39021e-01
77-1199,3,22.814676,2.970213,0.019370,4.72748e-01,4.35782e-01
77-1200,3,22.783533,2.970213,0.006515,3.96073e-01,-1.54046e-01
77-1201,3,22.659882,1.504501,-0.065237,7.18334e-01,-3.30322e-01
77-1202,3,22.695827,2.970213,-0.055560,-1.09690e-01,6.64690e-01
77-1212,3,23.348509,2.970213,0.005139,-1.41240e+00,1.16478e+00
77-1215,3,23.169554,2.970213,-0.051210,2.30503e-01,-1.00411e+00
77-1219,3,23.193027,2.970213,-0.045203,-1.98593e-01,7.95336e-01
77-1224,3,23.098120,2.970213,-0.096638,1.49178e-02,1.90373e-01
77-1225,3,22.897747,1.150186,0.006966,-1.24147e+00,1.36240e+00
77-1226,3,23.133286,2.970213,-0.059405,-2.29787e-01,-6.09621e-01
77-1229,3,23.142235,2.970213,-0.098834,1.71502e+00,1.96590e+00
77-1230,3,23.750153,2.970213,0.002874,1.32306e-01,1.54396e+00
77-1233,3,23.134432,2.970213,-0.076255,2.41609e-01,6.65263e-01
77-1234,3,23.316750,0.779700,-0.003337,2.60906e-01,-7.52764e-01
77-1236,3,23.377380,2.970213,-0.081749,?,?
77-1239,3,23.900951,0.095019,0.005327,-2.64464e-01,-2.58062e-01
77-1240,3,23.016769,2.970213,-0.050811,-2.33749e-01,-5.74423e-01
77-1241,3,24.670435,2.970213,-0.001621,?,?
77-1243,3,22.958487,2.970213,0.005368,-2.08517e-01,-3.26456e-01
77-1244,3,23.301029,2.970213,-0.050050,4.40118e-01,-3.58880e-01
77-1247,3,23.694761,2.970213,-0.057352,1.63292e+00,2.70457e+00
77-1249,3,23.487232,2.970213,0.001014,-4.57096e-01,1.08404e+00
77-1250,3,22.996370,1.862688,-0.042071,2.15181e-01,1.53187e-01
77-1254,3,23.182978,2.970213,0.008711,1.01683e+00,1.46729e-01
77-1255,3,22.980284,2.970213,-0.072356,5.83057e-01,6.35260e-01
77-1257,3,24.012573,2.970213,-0.001845,?,?
77-1258,3,23.112663,2.970213,0.012781,1.14346e-02,-1.22098e+00
77-1260,3,23.496136,2.970213,-0.048791,4.71931e-01,-3.51850e-01
77-1261,3,23.184172,0.724333,0.002937,-1.28519e+00,-2.31504e+00
77-1263,3,22.856529,2.970213,-0.044166,4.60141e-01,5.36528e-02
77-1266,3,23.702528,7.359805,-0.044344,1.56979e-01,-6.09139e-02
77-1268,3,23.289841,2.970213,-0.072817,6.08328e-01,2.08688e-01
77-1269,3,23.108070,2.970213,-0.038920,-2.40152e-01,6.68328e-01
77-1270,3,23.336510,2.970213,0.005628,-1.02403e-01,1.52700e-01
77-1272,3,23.180788,2.970213,-0.042910,5.56435e-01,5.43773e-01
77-1273,3,23.201080,1.258535,0.007914,-4.07508e+00,-1.78427e-02
77-1275,3,23.423086,2.970213,-0.042646,-4.03539e-01,4.97464e-01
77-1276,3,23.025848,1.314137,0.000730,-2.15041e-01,-5.26608e-01
77-1279,3,23.158609,2.970213,-0.040176,-4.85107e-01,1.51315e+00
77-1281,3,22.960455,2.970213,-0.050061,-6.02652e-01,-1.91838e-02
77-1282,3,23.480612,2.970213,-0.056737,1.07163e-01,9.60573e-01
77-1284,3,23.133675,2.970213,-0.074721,2.51310e-01,1.20588e-01
77-1285,3,23.368818,2.970213,0.006831,3.02312e-01,6.66230e-01
77-1286,3,23.727089,2.970213,-0.072023,-9.30055e-01,2.51721e+01
77-1288,3,23.542517,2.970213,-0.048165,?,?
77-1289,3,23.906927,2.970213,-0.048504,-9.25599e-01,1.79297e+00
77-1290,3,23.179623,2.970213,0.044534,7.40481e-01,4.03003e-02
77-1291,3,22.925039,2.970213,0.009003,2.72836e-01,1.21968e-01
77-1294,3,23.942385,2.970213,-0.033052,4.25187e-01,-6.40164e-01
77-1296,3,23.800087,2.970213,0.113684,-8.15916e+00,-1.28708e+01
77-1297,3,24.493570,2.970213,0.000173,?,?
77-1299,3,22.872564,2.970213,-0.054831,-3.91165e-02,-5.88210e-01
77-1303,3,23.181915,2.970213,0.016530,-7.48641e-01,2.94537e+00
77-1304,3,23.048697,2.970213,0.009773,1.76075e-01,5.50003e-01
77-1305,3,24.212479,2.970213,-0.001601,?,?
77-1306,3,23.230309,2.970213,0.007488,-1.12186e+00,1.72920e+00
77-1307,3,23.961626,4.584505,-0.071061,-1.33690e+00,1.94503e-01
77-1309,3,23.602631,2.970213,0.005517,1.35949e+01,-7.80677e-01
77-1314,3,23.082228,2.970213,0.013946,1.34692e-01,4.15931e+00
77-1327,3,23.740891,2.970213,0.008358,1.22528e+00,-2.28858e+00
77-1328,3,24.134712,11.307230,0.043348,2.58428e+00,-5.20754e-01
77-1330,3,23.607649,2.970213,-0.063503,2.23851e+00,-1.32921e+00
77-1331,3,23.050436,2.970213,0.026343,8.14903e-01,2.17539e-01
77-1332,3,23.995623,2.970213,0.009567,-4.64991e-01,-4.95088e-01
77-1334,3,23.578836,1.035978,-0.000138,?,?
77-1335,3,23.223452,2.970213,-0.005508,?,?
77-1336,3,23.571852,2.970213,0.004070,-1.66285e+00,1.85457e+00
77-1341,3,23.371433,2.970213,-0.050241,-2.32968e+00,2.66195e+00
77-1342,3,22.997692,2.970213,-0.061137,?,?
77-1343,3,23.315166,2.970213,-0.064674,-3.36249e-01,-1.36081e+00
77-1347,3,23.148558,2.970213,0.013366,-5.23355e-01,9.41990e-02
77-1349,3,23.204550,2.970213,-0.037253,-3.81217e-01,-3.31437e+00
77-1351,3,23.446056,1.031674,0.008345,-5.57920e-01,-1.45737e-01
77-1352,3,23.098745,2.970213,0.001936,-1.48422e-02,1.15382e-01
77-1354,3,23.788914,2.970213,0.021925,?,?
77-1366,3,25.485052,4.584505,-0.004389,?,?
